CommonsController.java,edu.ucsb.cs156.happiercows.controllers.CommonsController,org.pitest.mutationtest.engine.gregor.mutators.ConditionalsBoundaryMutator,createCommons,203,KILLED,edu.ucsb.cs156.happiercows.controllers.CommonsControllerTests.[engine:junit-jupiter]/[class:edu.ucsb.cs156.happiercows.controllers.CommonsControllerTests]/[method:createCommonsTest_withBoundaryParameters()]
CommonsController.java,edu.ucsb.cs156.happiercows.controllers.CommonsController,org.pitest.mutationtest.engine.gregor.mutators.ConditionalsBoundaryMutator,createCommons,207,KILLED,edu.ucsb.cs156.happiercows.controllers.CommonsControllerTests.[engine:junit-jupiter]/[class:edu.ucsb.cs156.happiercows.controllers.CommonsControllerTests]/[method:createCommonsTest_withBoundaryParameters()]
CommonsController.java,edu.ucsb.cs156.happiercows.controllers.CommonsController,org.pitest.mutationtest.engine.gregor.mutators.ConditionalsBoundaryMutator,createCommons,211,KILLED,edu.ucsb.cs156.happiercows.controllers.CommonsControllerTests.[engine:junit-jupiter]/[class:edu.ucsb.cs156.happiercows.controllers.CommonsControllerTests]/[method:createCommonsTest_withBoundaryParameters()]
CommonsController.java,edu.ucsb.cs156.happiercows.controllers.CommonsController,org.pitest.mutationtest.engine.gregor.mutators.ConditionalsBoundaryMutator,createCommons,216,KILLED,edu.ucsb.cs156.happiercows.controllers.CommonsControllerTests.[engine:junit-jupiter]/[class:edu.ucsb.cs156.happiercows.controllers.CommonsControllerTests]/[method:createCommonsTest_withBoundaryParameters()]
CommonsController.java,edu.ucsb.cs156.happiercows.controllers.CommonsController,org.pitest.mutationtest.engine.gregor.mutators.ConditionalsBoundaryMutator,createCommons,220,KILLED,edu.ucsb.cs156.happiercows.controllers.CommonsControllerTests.[engine:junit-jupiter]/[class:edu.ucsb.cs156.happiercows.controllers.CommonsControllerTests]/[method:createCommonsTest_withBoundaryParameters()]
CommonsController.java,edu.ucsb.cs156.happiercows.controllers.CommonsController,org.pitest.mutationtest.engine.gregor.mutators.NegateConditionalsMutator,createCommons,189,KILLED,edu.ucsb.cs156.happiercows.controllers.CommonsControllerTests.[engine:junit-jupiter]/[class:edu.ucsb.cs156.happiercows.controllers.CommonsControllerTests]/[method:createCommonsTest_withBoundaryParameters()]
CommonsController.java,edu.ucsb.cs156.happiercows.controllers.CommonsController,org.pitest.mutationtest.engine.gregor.mutators.NegateConditionalsMutator,createCommons,192,KILLED,edu.ucsb.cs156.happiercows.controllers.CommonsControllerTests.[engine:junit-jupiter]/[class:edu.ucsb.cs156.happiercows.controllers.CommonsControllerTests]/[method:createCommonsTest_withBoundaryParameters()]
CommonsController.java,edu.ucsb.cs156.happiercows.controllers.CommonsController,org.pitest.mutationtest.engine.gregor.mutators.NegateConditionalsMutator,createCommons,199,KILLED,edu.ucsb.cs156.happiercows.controllers.CommonsControllerTests.[engine:junit-jupiter]/[class:edu.ucsb.cs156.happiercows.controllers.CommonsControllerTests]/[method:createCommonsTest_withBoundaryParameters()]
CommonsController.java,edu.ucsb.cs156.happiercows.controllers.CommonsController,org.pitest.mutationtest.engine.gregor.mutators.NegateConditionalsMutator,createCommons,203,KILLED,edu.ucsb.cs156.happiercows.controllers.CommonsControllerTests.[engine:junit-jupiter]/[class:edu.ucsb.cs156.happiercows.controllers.CommonsControllerTests]/[method:createCommonsTest_withBoundaryParameters()]
CommonsController.java,edu.ucsb.cs156.happiercows.controllers.CommonsController,org.pitest.mutationtest.engine.gregor.mutators.NegateConditionalsMutator,createCommons,207,KILLED,edu.ucsb.cs156.happiercows.controllers.CommonsControllerTests.[engine:junit-jupiter]/[class:edu.ucsb.cs156.happiercows.controllers.CommonsControllerTests]/[method:createCommonsTest_withBoundaryParameters()]
CommonsController.java,edu.ucsb.cs156.happiercows.controllers.CommonsController,org.pitest.mutationtest.engine.gregor.mutators.NegateConditionalsMutator,createCommons,211,KILLED,edu.ucsb.cs156.happiercows.controllers.CommonsControllerTests.[engine:junit-jupiter]/[class:edu.ucsb.cs156.happiercows.controllers.CommonsControllerTests]/[method:createCommonsTest_withBoundaryParameters()]
CommonsController.java,edu.ucsb.cs156.happiercows.controllers.CommonsController,org.pitest.mutationtest.engine.gregor.mutators.NegateConditionalsMutator,createCommons,216,KILLED,edu.ucsb.cs156.happiercows.controllers.CommonsControllerTests.[engine:junit-jupiter]/[class:edu.ucsb.cs156.happiercows.controllers.CommonsControllerTests]/[method:createCommonsTest_withBoundaryParameters()]
CommonsController.java,edu.ucsb.cs156.happiercows.controllers.CommonsController,org.pitest.mutationtest.engine.gregor.mutators.NegateConditionalsMutator,createCommons,220,KILLED,edu.ucsb.cs156.happiercows.controllers.CommonsControllerTests.[engine:junit-jupiter]/[class:edu.ucsb.cs156.happiercows.controllers.CommonsControllerTests]/[method:createCommonsTest_withBoundaryParameters()]
CommonsController.java,edu.ucsb.cs156.happiercows.controllers.CommonsController,org.pitest.mutationtest.engine.gregor.mutators.returns.NullReturnValsMutator,createCommons,227,KILLED,edu.ucsb.cs156.happiercows.controllers.CommonsControllerTests.[engine:junit-jupiter]/[class:edu.ucsb.cs156.happiercows.controllers.CommonsControllerTests]/[method:createCommonsTest_zeroDegradation()]
CommonsController.java,edu.ucsb.cs156.happiercows.controllers.CommonsController,org.pitest.mutationtest.engine.gregor.mutators.VoidMethodCallMutator,deleteCommons,296,KILLED,edu.ucsb.cs156.happiercows.controllers.CommonsControllerTests.[engine:junit-jupiter]/[class:edu.ucsb.cs156.happiercows.controllers.CommonsControllerTests]/[method:deleteCommons_test_admin_exists()]
CommonsController.java,edu.ucsb.cs156.happiercows.controllers.CommonsController,org.pitest.mutationtest.engine.gregor.mutators.returns.NullReturnValsMutator,deleteCommons,299,KILLED,edu.ucsb.cs156.happiercows.controllers.CommonsControllerTests.[engine:junit-jupiter]/[class:edu.ucsb.cs156.happiercows.controllers.CommonsControllerTests]/[method:deleteCommons_test_admin_exists()]
CommonsController.java,edu.ucsb.cs156.happiercows.controllers.CommonsController,org.pitest.mutationtest.engine.gregor.mutators.MathMutator,deleteUserFromCommon,320,KILLED,edu.ucsb.cs156.happiercows.controllers.CommonsControllerTests.[engine:junit-jupiter]/[class:edu.ucsb.cs156.happiercows.controllers.CommonsControllerTests]/[method:deleteUserFromCommonsTest()]
CommonsController.java,edu.ucsb.cs156.happiercows.controllers.CommonsController,org.pitest.mutationtest.engine.gregor.mutators.VoidMethodCallMutator,deleteUserFromCommon,314,KILLED,edu.ucsb.cs156.happiercows.controllers.CommonsControllerTests.[engine:junit-jupiter]/[class:edu.ucsb.cs156.happiercows.controllers.CommonsControllerTests]/[method:deleteUserFromCommonsTest()]
CommonsController.java,edu.ucsb.cs156.happiercows.controllers.CommonsController,org.pitest.mutationtest.engine.gregor.mutators.VoidMethodCallMutator,deleteUserFromCommon,320,KILLED,edu.ucsb.cs156.happiercows.controllers.CommonsControllerTests.[engine:junit-jupiter]/[class:edu.ucsb.cs156.happiercows.controllers.CommonsControllerTests]/[method:deleteUserFromCommonsTest()]
CommonsController.java,edu.ucsb.cs156.happiercows.controllers.CommonsController,org.pitest.mutationtest.engine.gregor.mutators.returns.NullReturnValsMutator,deleteUserFromCommon,323,KILLED,edu.ucsb.cs156.happiercows.controllers.CommonsControllerTests.[engine:junit-jupiter]/[class:edu.ucsb.cs156.happiercows.controllers.CommonsControllerTests]/[method:deleteUserFromCommonsTest()]
CommonsController.java,edu.ucsb.cs156.happiercows.controllers.CommonsController,org.pitest.mutationtest.engine.gregor.mutators.returns.NullReturnValsMutator,getCommons,51,KILLED,edu.ucsb.cs156.happiercows.controllers.CommonsControllerTests.[engine:junit-jupiter]/[class:edu.ucsb.cs156.happiercows.controllers.CommonsControllerTests]/[method:getCommonsTest()]
CommonsController.java,edu.ucsb.cs156.happiercows.controllers.CommonsController,org.pitest.mutationtest.engine.gregor.mutators.NegateConditionalsMutator,getCommonsById,160,KILLED,edu.ucsb.cs156.happiercows.controllers.CommonsControllerTests.[engine:junit-jupiter]/[class:edu.ucsb.cs156.happiercows.controllers.CommonsControllerTests]/[method:getCommonsByIdTest_hiddenuser()]
CommonsController.java,edu.ucsb.cs156.happiercows.controllers.CommonsController,org.pitest.mutationtest.engine.gregor.mutators.returns.NullReturnValsMutator,getCommonsById,167,KILLED,edu.ucsb.cs156.happiercows.controllers.CommonsControllerTests.[engine:junit-jupiter]/[class:edu.ucsb.cs156.happiercows.controllers.CommonsControllerTests]/[method:getCommonsByIdTest_valid()]
CommonsController.java,edu.ucsb.cs156.happiercows.controllers.CommonsController,org.pitest.mutationtest.engine.gregor.mutators.VoidMethodCallMutator,getCommonsPlus,63,KILLED,edu.ucsb.cs156.happiercows.controllers.CommonsControllerTests.[engine:junit-jupiter]/[class:edu.ucsb.cs156.happiercows.controllers.CommonsControllerTests]/[method:getCommonsPlusTest()]
CommonsController.java,edu.ucsb.cs156.happiercows.controllers.CommonsController,org.pitest.mutationtest.engine.gregor.mutators.returns.NullReturnValsMutator,getCommonsPlus,72,KILLED,edu.ucsb.cs156.happiercows.controllers.CommonsControllerTests.[engine:junit-jupiter]/[class:edu.ucsb.cs156.happiercows.controllers.CommonsControllerTests]/[method:getCommonsPlusTest()]
CommonsController.java,edu.ucsb.cs156.happiercows.controllers.CommonsController,org.pitest.mutationtest.engine.gregor.mutators.NegateConditionalsMutator,getCommonsPlusById,80,KILLED,edu.ucsb.cs156.happiercows.controllers.CommonsControllerTests.[engine:junit-jupiter]/[class:edu.ucsb.cs156.happiercows.controllers.CommonsControllerTests]/[method:getCommonsPlus_hiddenUser()]
CommonsController.java,edu.ucsb.cs156.happiercows.controllers.CommonsController,org.pitest.mutationtest.engine.gregor.mutators.returns.NullReturnValsMutator,getCommonsPlusById,87,KILLED,edu.ucsb.cs156.happiercows.controllers.CommonsControllerTests.[engine:junit-jupiter]/[class:edu.ucsb.cs156.happiercows.controllers.CommonsControllerTests]/[method:getCommonsPlusByIdTest_valid()]
CommonsController.java,edu.ucsb.cs156.happiercows.controllers.CommonsController,org.pitest.mutationtest.engine.gregor.mutators.MathMutator,joinCommon,280,KILLED,edu.ucsb.cs156.happiercows.controllers.CommonsControllerTests.[engine:junit-jupiter]/[class:edu.ucsb.cs156.happiercows.controllers.CommonsControllerTests]/[method:joinCommonsTest()]
CommonsController.java,edu.ucsb.cs156.happiercows.controllers.CommonsController,org.pitest.mutationtest.engine.gregor.mutators.NegateConditionalsMutator,joinCommon,248,KILLED,edu.ucsb.cs156.happiercows.controllers.CommonsControllerTests.[engine:junit-jupiter]/[class:edu.ucsb.cs156.happiercows.controllers.CommonsControllerTests]/[method:joinCommonsTest_hiddenuser()]
CommonsController.java,edu.ucsb.cs156.happiercows.controllers.CommonsController,org.pitest.mutationtest.engine.gregor.mutators.NegateConditionalsMutator,joinCommon,260,KILLED,edu.ucsb.cs156.happiercows.controllers.CommonsControllerTests.[engine:junit-jupiter]/[class:edu.ucsb.cs156.happiercows.controllers.CommonsControllerTests]/[method:already_joined_common_test()]
CommonsController.java,edu.ucsb.cs156.happiercows.controllers.CommonsController,org.pitest.mutationtest.engine.gregor.mutators.VoidMethodCallMutator,joinCommon,280,KILLED,edu.ucsb.cs156.happiercows.controllers.CommonsControllerTests.[engine:junit-jupiter]/[class:edu.ucsb.cs156.happiercows.controllers.CommonsControllerTests]/[method:joinCommonsTest()]
CommonsController.java,edu.ucsb.cs156.happiercows.controllers.CommonsController,org.pitest.mutationtest.engine.gregor.mutators.returns.NullReturnValsMutator,joinCommon,263,KILLED,edu.ucsb.cs156.happiercows.controllers.CommonsControllerTests.[engine:junit-jupiter]/[class:edu.ucsb.cs156.happiercows.controllers.CommonsControllerTests]/[method:already_joined_common_test()]
CommonsController.java,edu.ucsb.cs156.happiercows.controllers.CommonsController,org.pitest.mutationtest.engine.gregor.mutators.returns.NullReturnValsMutator,joinCommon,284,KILLED,edu.ucsb.cs156.happiercows.controllers.CommonsControllerTests.[engine:junit-jupiter]/[class:edu.ucsb.cs156.happiercows.controllers.CommonsControllerTests]/[method:joinCommonsTest()]
CommonsController.java,edu.ucsb.cs156.happiercows.controllers.CommonsController,org.pitest.mutationtest.engine.gregor.mutators.returns.NullReturnValsMutator,lambda$deleteCommons$4,294,KILLED,edu.ucsb.cs156.happiercows.controllers.CommonsControllerTests.[engine:junit-jupiter]/[class:edu.ucsb.cs156.happiercows.controllers.CommonsControllerTests]/[method:deleteCommons_test_admin_nonexists()]
CommonsController.java,edu.ucsb.cs156.happiercows.controllers.CommonsController,org.pitest.mutationtest.engine.gregor.mutators.returns.NullReturnValsMutator,lambda$deleteUserFromCommon$5,310,KILLED,edu.ucsb.cs156.happiercows.controllers.CommonsControllerTests.[engine:junit-jupiter]/[class:edu.ucsb.cs156.happiercows.controllers.CommonsControllerTests]/[method:deleteUserFromCommons_when_not_joined()]
CommonsController.java,edu.ucsb.cs156.happiercows.controllers.CommonsController,org.pitest.mutationtest.engine.gregor.mutators.returns.NullReturnValsMutator,lambda$getCommonsById$2,165,KILLED,edu.ucsb.cs156.happiercows.controllers.CommonsControllerTests.[engine:junit-jupiter]/[class:edu.ucsb.cs156.happiercows.controllers.CommonsControllerTests]/[method:getCommonsByIdTest_invalid()]
CommonsController.java,edu.ucsb.cs156.happiercows.controllers.CommonsController,org.pitest.mutationtest.engine.gregor.mutators.returns.NullReturnValsMutator,lambda$getCommonsPlus$0,66,KILLED,edu.ucsb.cs156.happiercows.controllers.CommonsControllerTests.[engine:junit-jupiter]/[class:edu.ucsb.cs156.happiercows.controllers.CommonsControllerTests]/[method:getCommonsPlusTest()]
CommonsController.java,edu.ucsb.cs156.happiercows.controllers.CommonsController,org.pitest.mutationtest.engine.gregor.mutators.returns.NullReturnValsMutator,lambda$getCommonsPlusById$1,85,KILLED,edu.ucsb.cs156.happiercows.controllers.CommonsControllerTests.[engine:junit-jupiter]/[class:edu.ucsb.cs156.happiercows.controllers.CommonsControllerTests]/[method:getCommonsPlusByIdTest_invalid()]
CommonsController.java,edu.ucsb.cs156.happiercows.controllers.CommonsController,org.pitest.mutationtest.engine.gregor.mutators.returns.NullReturnValsMutator,lambda$joinCommon$3,257,KILLED,edu.ucsb.cs156.happiercows.controllers.CommonsControllerTests.[engine:junit-jupiter]/[class:edu.ucsb.cs156.happiercows.controllers.CommonsControllerTests]/[method:join_when_commons_with_id_does_not_exist()]
CommonsController.java,edu.ucsb.cs156.happiercows.controllers.CommonsController,org.pitest.mutationtest.engine.gregor.mutators.NegateConditionalsMutator,listCowHealthUpdateStrategies,235,KILLED,edu.ucsb.cs156.happiercows.controllers.CommonsControllerTests.[engine:junit-jupiter]/[class:edu.ucsb.cs156.happiercows.controllers.CommonsControllerTests]/[method:getHealthUpdateStrategiesTest_hiddenuser()]
CommonsController.java,edu.ucsb.cs156.happiercows.controllers.CommonsController,org.pitest.mutationtest.engine.gregor.mutators.returns.NullReturnValsMutator,listCowHealthUpdateStrategies,240,KILLED,edu.ucsb.cs156.happiercows.controllers.CommonsControllerTests.[engine:junit-jupiter]/[class:edu.ucsb.cs156.happiercows.controllers.CommonsControllerTests]/[method:getHealthUpdateStrategiesTest()]
CommonsController.java,edu.ucsb.cs156.happiercows.controllers.CommonsController,org.pitest.mutationtest.engine.gregor.mutators.returns.NullReturnValsMutator,toCommonsPlus,330,KILLED,edu.ucsb.cs156.happiercows.controllers.CommonsControllerTests.[engine:junit-jupiter]/[class:edu.ucsb.cs156.happiercows.controllers.CommonsControllerTests]/[method:getCommonsPlusByIdTest_valid()]
CommonsController.java,edu.ucsb.cs156.happiercows.controllers.CommonsController,org.pitest.mutationtest.engine.gregor.mutators.ConditionalsBoundaryMutator,updateCommons,126,KILLED,edu.ucsb.cs156.happiercows.controllers.CommonsControllerTests.[engine:junit-jupiter]/[class:edu.ucsb.cs156.happiercows.controllers.CommonsControllerTests]/[method:updateCommonsTest_withDegradationRate_Zero()]
CommonsController.java,edu.ucsb.cs156.happiercows.controllers.CommonsController,org.pitest.mutationtest.engine.gregor.mutators.ConditionalsBoundaryMutator,updateCommons,135,KILLED,edu.ucsb.cs156.happiercows.controllers.CommonsControllerTests.[engine:junit-jupiter]/[class:edu.ucsb.cs156.happiercows.controllers.CommonsControllerTests]/[method:UpdateCommonsTest_withBoundaryParameters()]
CommonsController.java,edu.ucsb.cs156.happiercows.controllers.CommonsController,org.pitest.mutationtest.engine.gregor.mutators.ConditionalsBoundaryMutator,updateCommons,139,KILLED,edu.ucsb.cs156.happiercows.controllers.CommonsControllerTests.[engine:junit-jupiter]/[class:edu.ucsb.cs156.happiercows.controllers.CommonsControllerTests]/[method:UpdateCommonsTest_withBoundaryParameters()]
CommonsController.java,edu.ucsb.cs156.happiercows.controllers.CommonsController,org.pitest.mutationtest.engine.gregor.mutators.ConditionalsBoundaryMutator,updateCommons,143,KILLED,edu.ucsb.cs156.happiercows.controllers.CommonsControllerTests.[engine:junit-jupiter]/[class:edu.ucsb.cs156.happiercows.controllers.CommonsControllerTests]/[method:UpdateCommonsTest_withBoundaryParameters()]
CommonsController.java,edu.ucsb.cs156.happiercows.controllers.CommonsController,org.pitest.mutationtest.engine.gregor.mutators.ConditionalsBoundaryMutator,updateCommons,147,KILLED,edu.ucsb.cs156.happiercows.controllers.CommonsControllerTests.[engine:junit-jupiter]/[class:edu.ucsb.cs156.happiercows.controllers.CommonsControllerTests]/[method:UpdateCommonsTest_withBoundaryParameters()]
CommonsController.java,edu.ucsb.cs156.happiercows.controllers.CommonsController,org.pitest.mutationtest.engine.gregor.mutators.NegateConditionalsMutator,updateCommons,102,KILLED,edu.ucsb.cs156.happiercows.controllers.CommonsControllerTests.[engine:junit-jupiter]/[class:edu.ucsb.cs156.happiercows.controllers.CommonsControllerTests]/[method:updateCommonsTest_withNoCowHealthUpdateStrategy()]
CommonsController.java,edu.ucsb.cs156.happiercows.controllers.CommonsController,org.pitest.mutationtest.engine.gregor.mutators.NegateConditionalsMutator,updateCommons,119,KILLED,edu.ucsb.cs156.happiercows.controllers.CommonsControllerTests.[engine:junit-jupiter]/[class:edu.ucsb.cs156.happiercows.controllers.CommonsControllerTests]/[method:updateCommonsTest_withNoCowHealthUpdateStrategy()]
CommonsController.java,edu.ucsb.cs156.happiercows.controllers.CommonsController,org.pitest.mutationtest.engine.gregor.mutators.NegateConditionalsMutator,updateCommons,122,KILLED,edu.ucsb.cs156.happiercows.controllers.CommonsControllerTests.[engine:junit-jupiter]/[class:edu.ucsb.cs156.happiercows.controllers.CommonsControllerTests]/[method:updateCommonsTest_withNoCowHealthUpdateStrategy()]
CommonsController.java,edu.ucsb.cs156.happiercows.controllers.CommonsController,org.pitest.mutationtest.engine.gregor.mutators.NegateConditionalsMutator,updateCommons,126,KILLED,edu.ucsb.cs156.happiercows.controllers.CommonsControllerTests.[engine:junit-jupiter]/[class:edu.ucsb.cs156.happiercows.controllers.CommonsControllerTests]/[method:updateCommonsTest_withNoCowHealthUpdateStrategy()]
CommonsController.java,edu.ucsb.cs156.happiercows.controllers.CommonsController,org.pitest.mutationtest.engine.gregor.mutators.NegateConditionalsMutator,updateCommons,131,KILLED,edu.ucsb.cs156.happiercows.controllers.CommonsControllerTests.[engine:junit-jupiter]/[class:edu.ucsb.cs156.happiercows.controllers.CommonsControllerTests]/[method:updateCommonsTest_withNoCowHealthUpdateStrategy()]
CommonsController.java,edu.ucsb.cs156.happiercows.controllers.CommonsController,org.pitest.mutationtest.engine.gregor.mutators.NegateConditionalsMutator,updateCommons,135,KILLED,edu.ucsb.cs156.happiercows.controllers.CommonsControllerTests.[engine:junit-jupiter]/[class:edu.ucsb.cs156.happiercows.controllers.CommonsControllerTests]/[method:updateCommonsTest_withNoCowHealthUpdateStrategy()]
CommonsController.java,edu.ucsb.cs156.happiercows.controllers.CommonsController,org.pitest.mutationtest.engine.gregor.mutators.NegateConditionalsMutator,updateCommons,139,KILLED,edu.ucsb.cs156.happiercows.controllers.CommonsControllerTests.[engine:junit-jupiter]/[class:edu.ucsb.cs156.happiercows.controllers.CommonsControllerTests]/[method:updateCommonsTest_withNoCowHealthUpdateStrategy()]
CommonsController.java,edu.ucsb.cs156.happiercows.controllers.CommonsController,org.pitest.mutationtest.engine.gregor.mutators.NegateConditionalsMutator,updateCommons,143,KILLED,edu.ucsb.cs156.happiercows.controllers.CommonsControllerTests.[engine:junit-jupiter]/[class:edu.ucsb.cs156.happiercows.controllers.CommonsControllerTests]/[method:updateCommonsTest_withNoCowHealthUpdateStrategy()]
CommonsController.java,edu.ucsb.cs156.happiercows.controllers.CommonsController,org.pitest.mutationtest.engine.gregor.mutators.NegateConditionalsMutator,updateCommons,147,KILLED,edu.ucsb.cs156.happiercows.controllers.CommonsControllerTests.[engine:junit-jupiter]/[class:edu.ucsb.cs156.happiercows.controllers.CommonsControllerTests]/[method:updateCommonsTest_withNoCowHealthUpdateStrategy()]
CommonsController.java,edu.ucsb.cs156.happiercows.controllers.CommonsController,org.pitest.mutationtest.engine.gregor.mutators.VoidMethodCallMutator,updateCommons,110,KILLED,edu.ucsb.cs156.happiercows.controllers.CommonsControllerTests.[engine:junit-jupiter]/[class:edu.ucsb.cs156.happiercows.controllers.CommonsControllerTests]/[method:updateCommonsTest_withIllegalDegradationRate()]
CommonsController.java,edu.ucsb.cs156.happiercows.controllers.CommonsController,org.pitest.mutationtest.engine.gregor.mutators.VoidMethodCallMutator,updateCommons,111,KILLED,edu.ucsb.cs156.happiercows.controllers.CommonsControllerTests.[engine:junit-jupiter]/[class:edu.ucsb.cs156.happiercows.controllers.CommonsControllerTests]/[method:updateCommonsTest_withIllegalDegradationRate()]
CommonsController.java,edu.ucsb.cs156.happiercows.controllers.CommonsController,org.pitest.mutationtest.engine.gregor.mutators.VoidMethodCallMutator,updateCommons,112,KILLED,edu.ucsb.cs156.happiercows.controllers.CommonsControllerTests.[engine:junit-jupiter]/[class:edu.ucsb.cs156.happiercows.controllers.CommonsControllerTests]/[method:updateCommonsTest_withIllegalDegradationRate()]
CommonsController.java,edu.ucsb.cs156.happiercows.controllers.CommonsController,org.pitest.mutationtest.engine.gregor.mutators.VoidMethodCallMutator,updateCommons,113,KILLED,edu.ucsb.cs156.happiercows.controllers.CommonsControllerTests.[engine:junit-jupiter]/[class:edu.ucsb.cs156.happiercows.controllers.CommonsControllerTests]/[method:updateCommonsTest_withIllegalDegradationRate()]
CommonsController.java,edu.ucsb.cs156.happiercows.controllers.CommonsController,org.pitest.mutationtest.engine.gregor.mutators.VoidMethodCallMutator,updateCommons,114,KILLED,edu.ucsb.cs156.happiercows.controllers.CommonsControllerTests.[engine:junit-jupiter]/[class:edu.ucsb.cs156.happiercows.controllers.CommonsControllerTests]/[method:updateCommonsTest_withIllegalDegradationRate()]
CommonsController.java,edu.ucsb.cs156.happiercows.controllers.CommonsController,org.pitest.mutationtest.engine.gregor.mutators.VoidMethodCallMutator,updateCommons,115,KILLED,edu.ucsb.cs156.happiercows.controllers.CommonsControllerTests.[engine:junit-jupiter]/[class:edu.ucsb.cs156.happiercows.controllers.CommonsControllerTests]/[method:updateCommonsTest()]
CommonsController.java,edu.ucsb.cs156.happiercows.controllers.CommonsController,org.pitest.mutationtest.engine.gregor.mutators.VoidMethodCallMutator,updateCommons,116,KILLED,edu.ucsb.cs156.happiercows.controllers.CommonsControllerTests.[engine:junit-jupiter]/[class:edu.ucsb.cs156.happiercows.controllers.CommonsControllerTests]/[method:updateCommonsTest_withIllegalDegradationRate()]
CommonsController.java,edu.ucsb.cs156.happiercows.controllers.CommonsController,org.pitest.mutationtest.engine.gregor.mutators.VoidMethodCallMutator,updateCommons,117,KILLED,edu.ucsb.cs156.happiercows.controllers.CommonsControllerTests.[engine:junit-jupiter]/[class:edu.ucsb.cs156.happiercows.controllers.CommonsControllerTests]/[method:updateCommonsTest_withIllegalDegradationRate()]
CommonsController.java,edu.ucsb.cs156.happiercows.controllers.CommonsController,org.pitest.mutationtest.engine.gregor.mutators.VoidMethodCallMutator,updateCommons,118,KILLED,edu.ucsb.cs156.happiercows.controllers.CommonsControllerTests.[engine:junit-jupiter]/[class:edu.ucsb.cs156.happiercows.controllers.CommonsControllerTests]/[method:updateCommonsTest_withIllegalDegradationRate()]
CommonsController.java,edu.ucsb.cs156.happiercows.controllers.CommonsController,org.pitest.mutationtest.engine.gregor.mutators.VoidMethodCallMutator,updateCommons,120,KILLED,edu.ucsb.cs156.happiercows.controllers.CommonsControllerTests.[engine:junit-jupiter]/[class:edu.ucsb.cs156.happiercows.controllers.CommonsControllerTests]/[method:updateCommonsTest()]
CommonsController.java,edu.ucsb.cs156.happiercows.controllers.CommonsController,org.pitest.mutationtest.engine.gregor.mutators.VoidMethodCallMutator,updateCommons,123,KILLED,edu.ucsb.cs156.happiercows.controllers.CommonsControllerTests.[engine:junit-jupiter]/[class:edu.ucsb.cs156.happiercows.controllers.CommonsControllerTests]/[method:updateCommonsTest()]
CommonsController.java,edu.ucsb.cs156.happiercows.controllers.CommonsController,org.pitest.mutationtest.engine.gregor.mutators.returns.NullReturnValsMutator,updateCommons,152,KILLED,edu.ucsb.cs156.happiercows.controllers.CommonsControllerTests.[engine:junit-jupiter]/[class:edu.ucsb.cs156.happiercows.controllers.CommonsControllerTests]/[method:updateCommonsTest_withNoCowHealthUpdateStrategy()]
UserCommonsController.java,edu.ucsb.cs156.happiercows.controllers.UserCommonsController,org.pitest.mutationtest.engine.gregor.mutators.NegateConditionalsMutator,getUserCommonsById,66,KILLED,edu.ucsb.cs156.happiercows.controllers.UserCommonsControllerTests.[engine:junit-jupiter]/[class:edu.ucsb.cs156.happiercows.controllers.UserCommonsControllerTests]/[method:test_getUserCommonsById_hiddenuser()]
UserCommonsController.java,edu.ucsb.cs156.happiercows.controllers.UserCommonsController,org.pitest.mutationtest.engine.gregor.mutators.returns.NullReturnValsMutator,getUserCommonsById,75,KILLED,edu.ucsb.cs156.happiercows.controllers.UserCommonsControllerTests.[engine:junit-jupiter]/[class:edu.ucsb.cs156.happiercows.controllers.UserCommonsControllerTests]/[method:test_getUserCommonsById_exists()]
UserCommonsController.java,edu.ucsb.cs156.happiercows.controllers.UserCommonsController,org.pitest.mutationtest.engine.gregor.mutators.returns.NullReturnValsMutator,getUserCommonsById,58,KILLED,edu.ucsb.cs156.happiercows.controllers.UserCommonsControllerTests.[engine:junit-jupiter]/[class:edu.ucsb.cs156.happiercows.controllers.UserCommonsControllerTests]/[method:test_getUserCommonsById_exists_admin()]
UserCommonsController.java,edu.ucsb.cs156.happiercows.controllers.UserCommonsController,org.pitest.mutationtest.engine.gregor.mutators.returns.NullReturnValsMutator,getUsersCommonsByCommonsId,154,KILLED,edu.ucsb.cs156.happiercows.controllers.UserCommonsControllerTests.[engine:junit-jupiter]/[class:edu.ucsb.cs156.happiercows.controllers.UserCommonsControllerTests]/[method:test_Admin_getAllUserCommonsById_exists()]
UserCommonsController.java,edu.ucsb.cs156.happiercows.controllers.UserCommonsController,org.pitest.mutationtest.engine.gregor.mutators.returns.NullReturnValsMutator,lambda$getUserCommonsById$0,57,KILLED,edu.ucsb.cs156.happiercows.controllers.UserCommonsControllerTests.[engine:junit-jupiter]/[class:edu.ucsb.cs156.happiercows.controllers.UserCommonsControllerTests]/[method:test_getUserCommonsById_nonexists_admin()]
UserCommonsController.java,edu.ucsb.cs156.happiercows.controllers.UserCommonsController,org.pitest.mutationtest.engine.gregor.mutators.returns.NullReturnValsMutator,lambda$getUserCommonsById$1,74,KILLED,edu.ucsb.cs156.happiercows.controllers.UserCommonsControllerTests.[engine:junit-jupiter]/[class:edu.ucsb.cs156.happiercows.controllers.UserCommonsControllerTests]/[method:test_getUserCommonsById_nonexists()]
UserCommonsController.java,edu.ucsb.cs156.happiercows.controllers.UserCommonsController,org.pitest.mutationtest.engine.gregor.mutators.returns.NullReturnValsMutator,lambda$putUserCommonsByIdBuy$2,91,KILLED,edu.ucsb.cs156.happiercows.controllers.UserCommonsControllerTests.[engine:junit-jupiter]/[class:edu.ucsb.cs156.happiercows.controllers.UserCommonsControllerTests]/[method:test_buyCow_commons_does_not_exist()]
UserCommonsController.java,edu.ucsb.cs156.happiercows.controllers.UserCommonsController,org.pitest.mutationtest.engine.gregor.mutators.returns.NullReturnValsMutator,lambda$putUserCommonsByIdBuy$3,94,KILLED,edu.ucsb.cs156.happiercows.controllers.UserCommonsControllerTests.[engine:junit-jupiter]/[class:edu.ucsb.cs156.happiercows.controllers.UserCommonsControllerTests]/[method:test_buyCow_for_user_not_in_commons()]
UserCommonsController.java,edu.ucsb.cs156.happiercows.controllers.UserCommonsController,org.pitest.mutationtest.engine.gregor.mutators.returns.NullReturnValsMutator,lambda$putUserCommonsByIdSell$4,123,KILLED,edu.ucsb.cs156.happiercows.controllers.UserCommonsControllerTests.[engine:junit-jupiter]/[class:edu.ucsb.cs156.happiercows.controllers.UserCommonsControllerTests]/[method:test_sellCow_commons_does_not_exist()]
UserCommonsController.java,edu.ucsb.cs156.happiercows.controllers.UserCommonsController,org.pitest.mutationtest.engine.gregor.mutators.returns.NullReturnValsMutator,lambda$putUserCommonsByIdSell$5,126,KILLED,edu.ucsb.cs156.happiercows.controllers.UserCommonsControllerTests.[engine:junit-jupiter]/[class:edu.ucsb.cs156.happiercows.controllers.UserCommonsControllerTests]/[method:test_sellCow_for_user_not_in_commons()]
UserCommonsController.java,edu.ucsb.cs156.happiercows.controllers.UserCommonsController,org.pitest.mutationtest.engine.gregor.mutators.ConditionalsBoundaryMutator,putUserCommonsByIdBuy,96,KILLED,edu.ucsb.cs156.happiercows.controllers.UserCommonsControllerTests.[engine:junit-jupiter]/[class:edu.ucsb.cs156.happiercows.controllers.UserCommonsControllerTests]/[method:test_BuyCow_commons_exists_not_enough_money()]
UserCommonsController.java,edu.ucsb.cs156.happiercows.controllers.UserCommonsController,org.pitest.mutationtest.engine.gregor.mutators.MathMutator,putUserCommonsByIdBuy,97,KILLED,edu.ucsb.cs156.happiercows.controllers.UserCommonsControllerTests.[engine:junit-jupiter]/[class:edu.ucsb.cs156.happiercows.controllers.UserCommonsControllerTests]/[method:test_BuyCow_commons_exists()]
UserCommonsController.java,edu.ucsb.cs156.happiercows.controllers.UserCommonsController,org.pitest.mutationtest.engine.gregor.mutators.MathMutator,putUserCommonsByIdBuy,98,KILLED,edu.ucsb.cs156.happiercows.controllers.UserCommonsControllerTests.[engine:junit-jupiter]/[class:edu.ucsb.cs156.happiercows.controllers.UserCommonsControllerTests]/[method:test_BuyCow_commons_exists()]
UserCommonsController.java,edu.ucsb.cs156.happiercows.controllers.UserCommonsController,org.pitest.mutationtest.engine.gregor.mutators.MathMutator,putUserCommonsByIdBuy,99,KILLED,edu.ucsb.cs156.happiercows.controllers.UserCommonsControllerTests.[engine:junit-jupiter]/[class:edu.ucsb.cs156.happiercows.controllers.UserCommonsControllerTests]/[method:test_BuyCow_commons_exists()]
UserCommonsController.java,edu.ucsb.cs156.happiercows.controllers.UserCommonsController,org.pitest.mutationtest.engine.gregor.mutators.NegateConditionalsMutator,putUserCommonsByIdBuy,83,KILLED,edu.ucsb.cs156.happiercows.controllers.UserCommonsControllerTests.[engine:junit-jupiter]/[class:edu.ucsb.cs156.happiercows.controllers.UserCommonsControllerTests]/[method:test_buy_hiddenuser()]
UserCommonsController.java,edu.ucsb.cs156.happiercows.controllers.UserCommonsController,org.pitest.mutationtest.engine.gregor.mutators.NegateConditionalsMutator,putUserCommonsByIdBuy,96,KILLED,edu.ucsb.cs156.happiercows.controllers.UserCommonsControllerTests.[engine:junit-jupiter]/[class:edu.ucsb.cs156.happiercows.controllers.UserCommonsControllerTests]/[method:test_BuyCow_commons_exists_not_enough_money()]
UserCommonsController.java,edu.ucsb.cs156.happiercows.controllers.UserCommonsController,org.pitest.mutationtest.engine.gregor.mutators.VoidMethodCallMutator,putUserCommonsByIdBuy,97,KILLED,edu.ucsb.cs156.happiercows.controllers.UserCommonsControllerTests.[engine:junit-jupiter]/[class:edu.ucsb.cs156.happiercows.controllers.UserCommonsControllerTests]/[method:test_BuyCow_commons_exists()]
UserCommonsController.java,edu.ucsb.cs156.happiercows.controllers.UserCommonsController,org.pitest.mutationtest.engine.gregor.mutators.VoidMethodCallMutator,putUserCommonsByIdBuy,98,KILLED,edu.ucsb.cs156.happiercows.controllers.UserCommonsControllerTests.[engine:junit-jupiter]/[class:edu.ucsb.cs156.happiercows.controllers.UserCommonsControllerTests]/[method:test_BuyCow_commons_exists()]
UserCommonsController.java,edu.ucsb.cs156.happiercows.controllers.UserCommonsController,org.pitest.mutationtest.engine.gregor.mutators.VoidMethodCallMutator,putUserCommonsByIdBuy,99,KILLED,edu.ucsb.cs156.happiercows.controllers.UserCommonsControllerTests.[engine:junit-jupiter]/[class:edu.ucsb.cs156.happiercows.controllers.UserCommonsControllerTests]/[method:test_BuyCow_commons_exists()]
UserCommonsController.java,edu.ucsb.cs156.happiercows.controllers.UserCommonsController,org.pitest.mutationtest.engine.gregor.mutators.returns.NullReturnValsMutator,putUserCommonsByIdBuy,107,KILLED,edu.ucsb.cs156.happiercows.controllers.UserCommonsControllerTests.[engine:junit-jupiter]/[class:edu.ucsb.cs156.happiercows.controllers.UserCommonsControllerTests]/[method:test_BuyCow_commons_exists()]
UserCommonsController.java,edu.ucsb.cs156.happiercows.controllers.UserCommonsController,org.pitest.mutationtest.engine.gregor.mutators.ConditionalsBoundaryMutator,putUserCommonsByIdSell,129,KILLED,edu.ucsb.cs156.happiercows.controllers.UserCommonsControllerTests.[engine:junit-jupiter]/[class:edu.ucsb.cs156.happiercows.controllers.UserCommonsControllerTests]/[method:test_SellCow_commons_exists()]
UserCommonsController.java,edu.ucsb.cs156.happiercows.controllers.UserCommonsController,org.pitest.mutationtest.engine.gregor.mutators.MathMutator,putUserCommonsByIdSell,130,KILLED,edu.ucsb.cs156.happiercows.controllers.UserCommonsControllerTests.[engine:junit-jupiter]/[class:edu.ucsb.cs156.happiercows.controllers.UserCommonsControllerTests]/[method:test_SellCow_commons_exists()]
UserCommonsController.java,edu.ucsb.cs156.happiercows.controllers.UserCommonsController,org.pitest.mutationtest.engine.gregor.mutators.MathMutator,putUserCommonsByIdSell,130,KILLED,edu.ucsb.cs156.happiercows.controllers.UserCommonsControllerTests.[engine:junit-jupiter]/[class:edu.ucsb.cs156.happiercows.controllers.UserCommonsControllerTests]/[method:test_SellCow_commons_exists()]
UserCommonsController.java,edu.ucsb.cs156.happiercows.controllers.UserCommonsController,org.pitest.mutationtest.engine.gregor.mutators.MathMutator,putUserCommonsByIdSell,131,KILLED,edu.ucsb.cs156.happiercows.controllers.UserCommonsControllerTests.[engine:junit-jupiter]/[class:edu.ucsb.cs156.happiercows.controllers.UserCommonsControllerTests]/[method:test_SellCow_commons_exists()]
UserCommonsController.java,edu.ucsb.cs156.happiercows.controllers.UserCommonsController,org.pitest.mutationtest.engine.gregor.mutators.MathMutator,putUserCommonsByIdSell,132,KILLED,edu.ucsb.cs156.happiercows.controllers.UserCommonsControllerTests.[engine:junit-jupiter]/[class:edu.ucsb.cs156.happiercows.controllers.UserCommonsControllerTests]/[method:test_SellCow_commons_exists()]
UserCommonsController.java,edu.ucsb.cs156.happiercows.controllers.UserCommonsController,org.pitest.mutationtest.engine.gregor.mutators.MathMutator,putUserCommonsByIdSell,133,KILLED,edu.ucsb.cs156.happiercows.controllers.UserCommonsControllerTests.[engine:junit-jupiter]/[class:edu.ucsb.cs156.happiercows.controllers.UserCommonsControllerTests]/[method:test_SellCow_commons_exists()]
UserCommonsController.java,edu.ucsb.cs156.happiercows.controllers.UserCommonsController,org.pitest.mutationtest.engine.gregor.mutators.NegateConditionalsMutator,putUserCommonsByIdSell,115,KILLED,edu.ucsb.cs156.happiercows.controllers.UserCommonsControllerTests.[engine:junit-jupiter]/[class:edu.ucsb.cs156.happiercows.controllers.UserCommonsControllerTests]/[method:test_sell_hiddenuser()]
UserCommonsController.java,edu.ucsb.cs156.happiercows.controllers.UserCommonsController,org.pitest.mutationtest.engine.gregor.mutators.NegateConditionalsMutator,putUserCommonsByIdSell,129,KILLED,edu.ucsb.cs156.happiercows.controllers.UserCommonsControllerTests.[engine:junit-jupiter]/[class:edu.ucsb.cs156.happiercows.controllers.UserCommonsControllerTests]/[method:test_SellCow_commons_exists_no_cow_to_sell()]
UserCommonsController.java,edu.ucsb.cs156.happiercows.controllers.UserCommonsController,org.pitest.mutationtest.engine.gregor.mutators.VoidMethodCallMutator,putUserCommonsByIdSell,131,KILLED,edu.ucsb.cs156.happiercows.controllers.UserCommonsControllerTests.[engine:junit-jupiter]/[class:edu.ucsb.cs156.happiercows.controllers.UserCommonsControllerTests]/[method:test_SellCow_commons_exists()]
UserCommonsController.java,edu.ucsb.cs156.happiercows.controllers.UserCommonsController,org.pitest.mutationtest.engine.gregor.mutators.VoidMethodCallMutator,putUserCommonsByIdSell,132,KILLED,edu.ucsb.cs156.happiercows.controllers.UserCommonsControllerTests.[engine:junit-jupiter]/[class:edu.ucsb.cs156.happiercows.controllers.UserCommonsControllerTests]/[method:test_SellCow_commons_exists()]
UserCommonsController.java,edu.ucsb.cs156.happiercows.controllers.UserCommonsController,org.pitest.mutationtest.engine.gregor.mutators.VoidMethodCallMutator,putUserCommonsByIdSell,133,KILLED,edu.ucsb.cs156.happiercows.controllers.UserCommonsControllerTests.[engine:junit-jupiter]/[class:edu.ucsb.cs156.happiercows.controllers.UserCommonsControllerTests]/[method:test_SellCow_commons_exists()]
UserCommonsController.java,edu.ucsb.cs156.happiercows.controllers.UserCommonsController,org.pitest.mutationtest.engine.gregor.mutators.returns.NullReturnValsMutator,putUserCommonsByIdSell,141,KILLED,edu.ucsb.cs156.happiercows.controllers.UserCommonsControllerTests.[engine:junit-jupiter]/[class:edu.ucsb.cs156.happiercows.controllers.UserCommonsControllerTests]/[method:test_SellCow_commons_exists()]
UpdateCowHealthJob.java,edu.ucsb.cs156.happiercows.jobs.UpdateCowHealthJob,org.pitest.mutationtest.engine.gregor.mutators.ConditionalsBoundaryMutator,accept,45,KILLED,edu.ucsb.cs156.happiercows.jobs.UpdateCowHealthJobTests.[engine:junit-jupiter]/[class:edu.ucsb.cs156.happiercows.jobs.UpdateCowHealthJobTests]/[method:test_uses_below_capacity_update_strategy_if_equal_to_carrying_capacity()]
UpdateCowHealthJob.java,edu.ucsb.cs156.happiercows.jobs.UpdateCowHealthJob,org.pitest.mutationtest.engine.gregor.mutators.NegateConditionalsMutator,accept,35,KILLED,edu.ucsb.cs156.happiercows.jobs.UpdateCowHealthJobTests.[engine:junit-jupiter]/[class:edu.ucsb.cs156.happiercows.jobs.UpdateCowHealthJobTests]/[method:test_skipping_job_when_commons_has_zero_users()]
UpdateCowHealthJob.java,edu.ucsb.cs156.happiercows.jobs.UpdateCowHealthJob,org.pitest.mutationtest.engine.gregor.mutators.NegateConditionalsMutator,accept,45,KILLED,edu.ucsb.cs156.happiercows.jobs.UpdateCowHealthJobTests.[engine:junit-jupiter]/[class:edu.ucsb.cs156.happiercows.jobs.UpdateCowHealthJobTests]/[method:test_uses_below_capacity_update_strategy()]
UpdateCowHealthJob.java,edu.ucsb.cs156.happiercows.jobs.UpdateCowHealthJob,org.pitest.mutationtest.engine.gregor.mutators.NegateConditionalsMutator,accept,46,KILLED,edu.ucsb.cs156.happiercows.jobs.UpdateCowHealthJobTests.[engine:junit-jupiter]/[class:edu.ucsb.cs156.happiercows.jobs.UpdateCowHealthJobTests]/[method:test_uses_below_capacity_update_strategy()]
UpdateCowHealthJob.java,edu.ucsb.cs156.happiercows.jobs.UpdateCowHealthJob,org.pitest.mutationtest.engine.gregor.mutators.NegateConditionalsMutator,accept,49,KILLED,edu.ucsb.cs156.happiercows.jobs.UpdateCowHealthJobTests.[engine:junit-jupiter]/[class:edu.ucsb.cs156.happiercows.jobs.UpdateCowHealthJobTests]/[method:test_hidden_user_is_skipped()]
UpdateCowHealthJob.java,edu.ucsb.cs156.happiercows.jobs.UpdateCowHealthJob,org.pitest.mutationtest.engine.gregor.mutators.VoidMethodCallMutator,accept,27,KILLED,edu.ucsb.cs156.happiercows.jobs.UpdateCowHealthJobTests.[engine:junit-jupiter]/[class:edu.ucsb.cs156.happiercows.jobs.UpdateCowHealthJobTests]/[method:test_log_output_with_no_commons()]
UpdateCowHealthJob.java,edu.ucsb.cs156.happiercows.jobs.UpdateCowHealthJob,org.pitest.mutationtest.engine.gregor.mutators.VoidMethodCallMutator,accept,32,KILLED,edu.ucsb.cs156.happiercows.jobs.UpdateCowHealthJobTests.[engine:junit-jupiter]/[class:edu.ucsb.cs156.happiercows.jobs.UpdateCowHealthJobTests]/[method:test_skipping_job_when_commons_has_zero_users()]
UpdateCowHealthJob.java,edu.ucsb.cs156.happiercows.jobs.UpdateCowHealthJob,org.pitest.mutationtest.engine.gregor.mutators.VoidMethodCallMutator,accept,36,KILLED,edu.ucsb.cs156.happiercows.jobs.UpdateCowHealthJobTests.[engine:junit-jupiter]/[class:edu.ucsb.cs156.happiercows.jobs.UpdateCowHealthJobTests]/[method:test_skipping_job_when_commons_has_zero_users()]
UpdateCowHealthJob.java,edu.ucsb.cs156.happiercows.jobs.UpdateCowHealthJob,org.pitest.mutationtest.engine.gregor.mutators.VoidMethodCallMutator,accept,54,KILLED,edu.ucsb.cs156.happiercows.jobs.UpdateCowHealthJobTests.[engine:junit-jupiter]/[class:edu.ucsb.cs156.happiercows.jobs.UpdateCowHealthJobTests]/[method:test_uses_below_capacity_update_strategy()]
UpdateCowHealthJob.java,edu.ucsb.cs156.happiercows.jobs.UpdateCowHealthJob,org.pitest.mutationtest.engine.gregor.mutators.VoidMethodCallMutator,accept,57,KILLED,edu.ucsb.cs156.happiercows.jobs.UpdateCowHealthJobTests.[engine:junit-jupiter]/[class:edu.ucsb.cs156.happiercows.jobs.UpdateCowHealthJobTests]/[method:test_uses_below_capacity_update_strategy()]
UpdateCowHealthJob.java,edu.ucsb.cs156.happiercows.jobs.UpdateCowHealthJob,org.pitest.mutationtest.engine.gregor.mutators.VoidMethodCallMutator,accept,58,KILLED,edu.ucsb.cs156.happiercows.jobs.UpdateCowHealthJobTests.[engine:junit-jupiter]/[class:edu.ucsb.cs156.happiercows.jobs.UpdateCowHealthJobTests]/[method:test_cowDeaths_in_job_context()]
UpdateCowHealthJob.java,edu.ucsb.cs156.happiercows.jobs.UpdateCowHealthJob,org.pitest.mutationtest.engine.gregor.mutators.VoidMethodCallMutator,accept,60,KILLED,edu.ucsb.cs156.happiercows.jobs.UpdateCowHealthJobTests.[engine:junit-jupiter]/[class:edu.ucsb.cs156.happiercows.jobs.UpdateCowHealthJobTests]/[method:test_uses_below_capacity_update_strategy()]
UpdateCowHealthJob.java,edu.ucsb.cs156.happiercows.jobs.UpdateCowHealthJob,org.pitest.mutationtest.engine.gregor.mutators.VoidMethodCallMutator,accept,65,KILLED,edu.ucsb.cs156.happiercows.jobs.UpdateCowHealthJobTests.[engine:junit-jupiter]/[class:edu.ucsb.cs156.happiercows.jobs.UpdateCowHealthJobTests]/[method:test_log_output_with_no_commons()]
UpdateCowHealthJob.java,edu.ucsb.cs156.happiercows.jobs.UpdateCowHealthJob,org.pitest.mutationtest.engine.gregor.mutators.MathMutator,calculateCowDeaths,87,KILLED,edu.ucsb.cs156.happiercows.jobs.UpdateCowHealthJobTests.[engine:junit-jupiter]/[class:edu.ucsb.cs156.happiercows.jobs.UpdateCowHealthJobTests]/[method:test_calculateCowDeaths_health_zero()]
UpdateCowHealthJob.java,edu.ucsb.cs156.happiercows.jobs.UpdateCowHealthJob,org.pitest.mutationtest.engine.gregor.mutators.NegateConditionalsMutator,calculateCowDeaths,83,KILLED,edu.ucsb.cs156.happiercows.jobs.UpdateCowHealthJobTests.[engine:junit-jupiter]/[class:edu.ucsb.cs156.happiercows.jobs.UpdateCowHealthJobTests]/[method:test_calculateCowDeaths_hidden_user()]
UpdateCowHealthJob.java,edu.ucsb.cs156.happiercows.jobs.UpdateCowHealthJob,org.pitest.mutationtest.engine.gregor.mutators.NegateConditionalsMutator,calculateCowDeaths,86,KILLED,edu.ucsb.cs156.happiercows.jobs.UpdateCowHealthJobTests.[engine:junit-jupiter]/[class:edu.ucsb.cs156.happiercows.jobs.UpdateCowHealthJobTests]/[method:test_calculateCowDeaths_health_nonZero()]
UpdateCowHealthJob.java,edu.ucsb.cs156.happiercows.jobs.UpdateCowHealthJob,org.pitest.mutationtest.engine.gregor.mutators.VoidMethodCallMutator,calculateCowDeaths,87,KILLED,edu.ucsb.cs156.happiercows.jobs.UpdateCowHealthJobTests.[engine:junit-jupiter]/[class:edu.ucsb.cs156.happiercows.jobs.UpdateCowHealthJobTests]/[method:test_calculateCowDeaths_health_zero()]
UpdateCowHealthJob.java,edu.ucsb.cs156.happiercows.jobs.UpdateCowHealthJob,org.pitest.mutationtest.engine.gregor.mutators.VoidMethodCallMutator,calculateCowDeaths,88,KILLED,edu.ucsb.cs156.happiercows.jobs.UpdateCowHealthJobTests.[engine:junit-jupiter]/[class:edu.ucsb.cs156.happiercows.jobs.UpdateCowHealthJobTests]/[method:test_calculateCowDeaths_health_zero()]
UpdateCowHealthJob.java,edu.ucsb.cs156.happiercows.jobs.UpdateCowHealthJob,org.pitest.mutationtest.engine.gregor.mutators.VoidMethodCallMutator,calculateCowDeaths,89,KILLED,edu.ucsb.cs156.happiercows.jobs.UpdateCowHealthJobTests.[engine:junit-jupiter]/[class:edu.ucsb.cs156.happiercows.jobs.UpdateCowHealthJobTests]/[method:test_calculateCowDeaths_health_zero()]
UpdateCowHealthJob.java,edu.ucsb.cs156.happiercows.jobs.UpdateCowHealthJob,org.pitest.mutationtest.engine.gregor.mutators.VoidMethodCallMutator,calculateCowDeaths,91,KILLED,edu.ucsb.cs156.happiercows.jobs.UpdateCowHealthJobTests.[engine:junit-jupiter]/[class:edu.ucsb.cs156.happiercows.jobs.UpdateCowHealthJobTests]/[method:test_cowDeaths_in_job_context()]
UpdateCowHealthJob.java,edu.ucsb.cs156.happiercows.jobs.UpdateCowHealthJob,org.pitest.mutationtest.engine.gregor.mutators.NegateConditionalsMutator,calculateNewCowHealthUsingStrategy,75,KILLED,edu.ucsb.cs156.happiercows.jobs.UpdateCowHealthJobTests.[engine:junit-jupiter]/[class:edu.ucsb.cs156.happiercows.jobs.UpdateCowHealthJobTests]/[method:test_cow_health_hidden_user()]
UpdateCowHealthJob.java,edu.ucsb.cs156.happiercows.jobs.UpdateCowHealthJob,org.pitest.mutationtest.engine.gregor.mutators.returns.PrimitiveReturnsMutator,calculateNewCowHealthUsingStrategy,76,KILLED,edu.ucsb.cs156.happiercows.jobs.UpdateCowHealthJobTests.[engine:junit-jupiter]/[class:edu.ucsb.cs156.happiercows.jobs.UpdateCowHealthJobTests]/[method:test_cow_health_hidden_user()]
UpdateCowHealthJob.java,edu.ucsb.cs156.happiercows.jobs.UpdateCowHealthJob,org.pitest.mutationtest.engine.gregor.mutators.returns.PrimitiveReturnsMutator,calculateNewCowHealthUsingStrategy,79,KILLED,edu.ucsb.cs156.happiercows.jobs.UpdateCowHealthJobTests.[engine:junit-jupiter]/[class:edu.ucsb.cs156.happiercows.jobs.UpdateCowHealthJobTests]/[method:test_cow_health_maximum_is_100()]
UpdateCowHealthJob.java,edu.ucsb.cs156.happiercows.jobs.UpdateCowHealthJob,org.pitest.mutationtest.engine.gregor.mutators.returns.NullReturnValsMutator,lambda$accept$0,33,KILLED,edu.ucsb.cs156.happiercows.jobs.UpdateCowHealthJobTests.[engine:junit-jupiter]/[class:edu.ucsb.cs156.happiercows.jobs.UpdateCowHealthJobTests]/[method:test_throws_exception_when_get_num_users_fails()]
UpdateCowHealthJob.java,edu.ucsb.cs156.happiercows.jobs.UpdateCowHealthJob,org.pitest.mutationtest.engine.gregor.mutators.returns.NullReturnValsMutator,lambda$accept$1,43,KILLED,edu.ucsb.cs156.happiercows.jobs.UpdateCowHealthJobTests.[engine:junit-jupiter]/[class:edu.ucsb.cs156.happiercows.jobs.UpdateCowHealthJobTests]/[method:test_throws_exception_when_get_num_cows_fails()]
JobsController.java,edu.ucsb.cs156.happiercows.controllers.JobsController,org.pitest.mutationtest.engine.gregor.mutators.returns.NullReturnValsMutator,allJobs,73,KILLED,edu.ucsb.cs156.happiercows.controllers.JobsControllerTests.[engine:junit-jupiter]/[class:edu.ucsb.cs156.happiercows.controllers.JobsControllerTests]/[method:admin_can_get_all_jobs()]
JobsController.java,edu.ucsb.cs156.happiercows.controllers.JobsController,org.pitest.mutationtest.engine.gregor.mutators.returns.NullReturnValsMutator,allJobsPaged,84,KILLED,edu.ucsb.cs156.happiercows.controllers.JobsControllerTests.[engine:junit-jupiter]/[class:edu.ucsb.cs156.happiercows.controllers.JobsControllerTests]/[method:admin_can_get_all_jobs_paged()]
JobsController.java,edu.ucsb.cs156.happiercows.controllers.JobsController,org.pitest.mutationtest.engine.gregor.mutators.returns.NullReturnValsMutator,instructorReport,148,KILLED,edu.ucsb.cs156.happiercows.controllers.JobsControllerTests.[engine:junit-jupiter]/[class:edu.ucsb.cs156.happiercows.controllers.JobsControllerTests]/[method:admin_can_launch_instructor_report_job()]
JobsController.java,edu.ucsb.cs156.happiercows.controllers.JobsController,org.pitest.mutationtest.engine.gregor.mutators.returns.NullReturnValsMutator,instructorReportSingleCommons,159,KILLED,edu.ucsb.cs156.happiercows.controllers.JobsControllerTests.[engine:junit-jupiter]/[class:edu.ucsb.cs156.happiercows.controllers.JobsControllerTests]/[method:admin_can_launch_instructor_report_single_commons_job()]
JobsController.java,edu.ucsb.cs156.happiercows.controllers.JobsController,org.pitest.mutationtest.engine.gregor.mutators.returns.NullReturnValsMutator,launchTestJob,113,KILLED,edu.ucsb.cs156.happiercows.controllers.JobsControllerTests.[engine:junit-jupiter]/[class:edu.ucsb.cs156.happiercows.controllers.JobsControllerTests]/[method:admin_can_launch_milk_the_cows_job()]
JobsController.java,edu.ucsb.cs156.happiercows.controllers.JobsController,org.pitest.mutationtest.engine.gregor.mutators.ConditionalsBoundaryMutator,launchTestJob,100,KILLED,edu.ucsb.cs156.happiercows.controllers.JobsControllerTests.[engine:junit-jupiter]/[class:edu.ucsb.cs156.happiercows.controllers.JobsControllerTests]/[method:admin_launch_test_job_with_boundary_parameter()]
JobsController.java,edu.ucsb.cs156.happiercows.controllers.JobsController,org.pitest.mutationtest.engine.gregor.mutators.ConditionalsBoundaryMutator,launchTestJob,100,KILLED,edu.ucsb.cs156.happiercows.controllers.JobsControllerTests.[engine:junit-jupiter]/[class:edu.ucsb.cs156.happiercows.controllers.JobsControllerTests]/[method:admin_launch_test_job_with_boundary_parameter()]
JobsController.java,edu.ucsb.cs156.happiercows.controllers.JobsController,org.pitest.mutationtest.engine.gregor.mutators.NegateConditionalsMutator,launchTestJob,100,KILLED,edu.ucsb.cs156.happiercows.controllers.JobsControllerTests.[engine:junit-jupiter]/[class:edu.ucsb.cs156.happiercows.controllers.JobsControllerTests]/[method:admin_launch_test_job_with_invalid_parameter()]
JobsController.java,edu.ucsb.cs156.happiercows.controllers.JobsController,org.pitest.mutationtest.engine.gregor.mutators.NegateConditionalsMutator,launchTestJob,100,KILLED,edu.ucsb.cs156.happiercows.controllers.JobsControllerTests.[engine:junit-jupiter]/[class:edu.ucsb.cs156.happiercows.controllers.JobsControllerTests]/[method:admin_launch_test_job_with_invalid_parameter()]
JobsController.java,edu.ucsb.cs156.happiercows.controllers.JobsController,org.pitest.mutationtest.engine.gregor.mutators.returns.NullReturnValsMutator,launchTestJob,104,KILLED,edu.ucsb.cs156.happiercows.controllers.JobsControllerTests.[engine:junit-jupiter]/[class:edu.ucsb.cs156.happiercows.controllers.JobsControllerTests]/[method:admin_can_launch_test_job()]
JobsController.java,edu.ucsb.cs156.happiercows.controllers.JobsController,org.pitest.mutationtest.engine.gregor.mutators.returns.NullReturnValsMutator,recordCommonStats,169,KILLED,edu.ucsb.cs156.happiercows.controllers.JobsControllerTests.[engine:junit-jupiter]/[class:edu.ucsb.cs156.happiercows.controllers.JobsControllerTests]/[method:admin_can_launch_record_common_stats_job()]
JobsController.java,edu.ucsb.cs156.happiercows.controllers.JobsController,org.pitest.mutationtest.engine.gregor.mutators.ConditionalsBoundaryMutator,setCowHealth,135,KILLED,edu.ucsb.cs156.happiercows.controllers.JobsControllerTests.[engine:junit-jupiter]/[class:edu.ucsb.cs156.happiercows.controllers.JobsControllerTests]/[method:admin_launch_set_cow_health_job_with_boundary_parameter()]
JobsController.java,edu.ucsb.cs156.happiercows.controllers.JobsController,org.pitest.mutationtest.engine.gregor.mutators.ConditionalsBoundaryMutator,setCowHealth,135,KILLED,edu.ucsb.cs156.happiercows.controllers.JobsControllerTests.[engine:junit-jupiter]/[class:edu.ucsb.cs156.happiercows.controllers.JobsControllerTests]/[method:admin_launch_set_cow_health_job_with_boundary_parameter()]
JobsController.java,edu.ucsb.cs156.happiercows.controllers.JobsController,org.pitest.mutationtest.engine.gregor.mutators.NegateConditionalsMutator,setCowHealth,135,KILLED,edu.ucsb.cs156.happiercows.controllers.JobsControllerTests.[engine:junit-jupiter]/[class:edu.ucsb.cs156.happiercows.controllers.JobsControllerTests]/[method:admin_launch_set_cow_health_job_with_invalid_parameter()]
JobsController.java,edu.ucsb.cs156.happiercows.controllers.JobsController,org.pitest.mutationtest.engine.gregor.mutators.NegateConditionalsMutator,setCowHealth,135,KILLED,edu.ucsb.cs156.happiercows.controllers.JobsControllerTests.[engine:junit-jupiter]/[class:edu.ucsb.cs156.happiercows.controllers.JobsControllerTests]/[method:admin_launch_set_cow_health_job_with_invalid_parameter()]
JobsController.java,edu.ucsb.cs156.happiercows.controllers.JobsController,org.pitest.mutationtest.engine.gregor.mutators.returns.NullReturnValsMutator,setCowHealth,139,KILLED,edu.ucsb.cs156.happiercows.controllers.JobsControllerTests.[engine:junit-jupiter]/[class:edu.ucsb.cs156.happiercows.controllers.JobsControllerTests]/[method:admin_can_launch_set_cow_health_job()]
JobsController.java,edu.ucsb.cs156.happiercows.controllers.JobsController,org.pitest.mutationtest.engine.gregor.mutators.returns.NullReturnValsMutator,updateCowHealth,122,KILLED,edu.ucsb.cs156.happiercows.controllers.JobsControllerTests.[engine:junit-jupiter]/[class:edu.ucsb.cs156.happiercows.controllers.JobsControllerTests]/[method:admin_can_launch_update_cow_health_job()]
MilkTheCowsJob.java,edu.ucsb.cs156.happiercows.jobs.MilkTheCowsJob,org.pitest.mutationtest.engine.gregor.mutators.NegateConditionalsMutator,accept,48,KILLED,edu.ucsb.cs156.happiercows.jobs.MilkTheCowsJobTests.[engine:junit-jupiter]/[class:edu.ucsb.cs156.happiercows.jobs.MilkTheCowsJobTests]/[method:test_log_output_with_commons_and_user_commons()]
MilkTheCowsJob.java,edu.ucsb.cs156.happiercows.jobs.MilkTheCowsJob,org.pitest.mutationtest.engine.gregor.mutators.VoidMethodCallMutator,accept,36,KILLED,edu.ucsb.cs156.happiercows.jobs.MilkTheCowsJobTests.[engine:junit-jupiter]/[class:edu.ucsb.cs156.happiercows.jobs.MilkTheCowsJobTests]/[method:test_log_output_no_commons()]
MilkTheCowsJob.java,edu.ucsb.cs156.happiercows.jobs.MilkTheCowsJob,org.pitest.mutationtest.engine.gregor.mutators.VoidMethodCallMutator,accept,43,KILLED,edu.ucsb.cs156.happiercows.jobs.MilkTheCowsJobTests.[engine:junit-jupiter]/[class:edu.ucsb.cs156.happiercows.jobs.MilkTheCowsJobTests]/[method:test_log_output_with_commons_and_user_commons()]
MilkTheCowsJob.java,edu.ucsb.cs156.happiercows.jobs.MilkTheCowsJob,org.pitest.mutationtest.engine.gregor.mutators.VoidMethodCallMutator,accept,51,KILLED,edu.ucsb.cs156.happiercows.jobs.MilkTheCowsJobTests.[engine:junit-jupiter]/[class:edu.ucsb.cs156.happiercows.jobs.MilkTheCowsJobTests]/[method:test_log_output_with_commons_and_user_commons()]
MilkTheCowsJob.java,edu.ucsb.cs156.happiercows.jobs.MilkTheCowsJob,org.pitest.mutationtest.engine.gregor.mutators.VoidMethodCallMutator,accept,55,KILLED,edu.ucsb.cs156.happiercows.jobs.MilkTheCowsJobTests.[engine:junit-jupiter]/[class:edu.ucsb.cs156.happiercows.jobs.MilkTheCowsJobTests]/[method:test_log_output_no_commons()]
MilkTheCowsJob.java,edu.ucsb.cs156.happiercows.jobs.MilkTheCowsJob,org.pitest.mutationtest.engine.gregor.mutators.MathMutator,calculateMilkingProfit,110,KILLED,edu.ucsb.cs156.happiercows.jobs.MilkTheCowsJobTests.[engine:junit-jupiter]/[class:edu.ucsb.cs156.happiercows.jobs.MilkTheCowsJobTests]/[method:test_log_output_with_commons_and_user_commons()]
MilkTheCowsJob.java,edu.ucsb.cs156.happiercows.jobs.MilkTheCowsJob,org.pitest.mutationtest.engine.gregor.mutators.MathMutator,calculateMilkingProfit,110,KILLED,edu.ucsb.cs156.happiercows.jobs.MilkTheCowsJobTests.[engine:junit-jupiter]/[class:edu.ucsb.cs156.happiercows.jobs.MilkTheCowsJobTests]/[method:test_log_output_with_commons_and_user_commons()]
MilkTheCowsJob.java,edu.ucsb.cs156.happiercows.jobs.MilkTheCowsJob,org.pitest.mutationtest.engine.gregor.mutators.MathMutator,calculateMilkingProfit,110,KILLED,edu.ucsb.cs156.happiercows.jobs.MilkTheCowsJobTests.[engine:junit-jupiter]/[class:edu.ucsb.cs156.happiercows.jobs.MilkTheCowsJobTests]/[method:test_log_output_with_commons_and_user_commons()]
MilkTheCowsJob.java,edu.ucsb.cs156.happiercows.jobs.MilkTheCowsJob,org.pitest.mutationtest.engine.gregor.mutators.returns.PrimitiveReturnsMutator,calculateMilkingProfit,111,KILLED,edu.ucsb.cs156.happiercows.jobs.MilkTheCowsJobTests.[engine:junit-jupiter]/[class:edu.ucsb.cs156.happiercows.jobs.MilkTheCowsJobTests]/[method:test_log_output_with_commons_and_user_commons()]
MilkTheCowsJob.java,edu.ucsb.cs156.happiercows.jobs.MilkTheCowsJob,org.pitest.mutationtest.engine.gregor.mutators.returns.EmptyObjectReturnValsMutator,formatDollars,31,KILLED,edu.ucsb.cs156.happiercows.jobs.MilkTheCowsJobTests.[engine:junit-jupiter]/[class:edu.ucsb.cs156.happiercows.jobs.MilkTheCowsJobTests]/[method:test_log_output_with_commons_and_user_commons()]
MilkTheCowsJob.java,edu.ucsb.cs156.happiercows.jobs.MilkTheCowsJob,org.pitest.mutationtest.engine.gregor.mutators.MathMutator,milkCows,85,KILLED,edu.ucsb.cs156.happiercows.jobs.MilkTheCowsJobTests.[engine:junit-jupiter]/[class:edu.ucsb.cs156.happiercows.jobs.MilkTheCowsJobTests]/[method:test_log_output_with_commons_and_user_commons()]
MilkTheCowsJob.java,edu.ucsb.cs156.happiercows.jobs.MilkTheCowsJob,org.pitest.mutationtest.engine.gregor.mutators.NegateConditionalsMutator,milkCows,67,KILLED,edu.ucsb.cs156.happiercows.jobs.MilkTheCowsJobTests.[engine:junit-jupiter]/[class:edu.ucsb.cs156.happiercows.jobs.MilkTheCowsJobTests]/[method:test_milk_cows_user_hidden()]
MilkTheCowsJob.java,edu.ucsb.cs156.happiercows.jobs.MilkTheCowsJob,org.pitest.mutationtest.engine.gregor.mutators.VoidMethodCallMutator,milkCows,72,KILLED,edu.ucsb.cs156.happiercows.jobs.MilkTheCowsJobTests.[engine:junit-jupiter]/[class:edu.ucsb.cs156.happiercows.jobs.MilkTheCowsJobTests]/[method:test_log_output_with_commons_and_user_commons()]
MilkTheCowsJob.java,edu.ucsb.cs156.happiercows.jobs.MilkTheCowsJob,org.pitest.mutationtest.engine.gregor.mutators.VoidMethodCallMutator,milkCows,86,KILLED,edu.ucsb.cs156.happiercows.jobs.MilkTheCowsJobTests.[engine:junit-jupiter]/[class:edu.ucsb.cs156.happiercows.jobs.MilkTheCowsJobTests]/[method:test_milk_cows()]
MilkTheCowsJob.java,edu.ucsb.cs156.happiercows.jobs.MilkTheCowsJob,org.pitest.mutationtest.engine.gregor.mutators.VoidMethodCallMutator,milkCows,89,KILLED,edu.ucsb.cs156.happiercows.jobs.MilkTheCowsJobTests.[engine:junit-jupiter]/[class:edu.ucsb.cs156.happiercows.jobs.MilkTheCowsJobTests]/[method:test_log_output_with_commons_and_user_commons()]
UsersController.java,edu.ucsb.cs156.happiercows.controllers.UsersController,org.pitest.mutationtest.engine.gregor.mutators.NegateConditionalsMutator,hideUser,53,KILLED,edu.ucsb.cs156.happiercows.controllers.UsersControllerTests.[engine:junit-jupiter]/[class:edu.ucsb.cs156.happiercows.controllers.UsersControllerTests]/[method:test_hide_user()]
UsersController.java,edu.ucsb.cs156.happiercows.controllers.UsersController,org.pitest.mutationtest.engine.gregor.mutators.VoidMethodCallMutator,hideUser,56,KILLED,edu.ucsb.cs156.happiercows.controllers.UsersControllerTests.[engine:junit-jupiter]/[class:edu.ucsb.cs156.happiercows.controllers.UsersControllerTests]/[method:test_hide_user()]
UsersController.java,edu.ucsb.cs156.happiercows.controllers.UsersController,org.pitest.mutationtest.engine.gregor.mutators.returns.NullReturnValsMutator,hideUser,54,KILLED,edu.ucsb.cs156.happiercows.controllers.UsersControllerTests.[engine:junit-jupiter]/[class:edu.ucsb.cs156.happiercows.controllers.UsersControllerTests]/[method:test_hide_admin_user()]
UsersController.java,edu.ucsb.cs156.happiercows.controllers.UsersController,org.pitest.mutationtest.engine.gregor.mutators.returns.NullReturnValsMutator,hideUser,58,KILLED,edu.ucsb.cs156.happiercows.controllers.UsersControllerTests.[engine:junit-jupiter]/[class:edu.ucsb.cs156.happiercows.controllers.UsersControllerTests]/[method:test_hide_user()]
UsersController.java,edu.ucsb.cs156.happiercows.controllers.UsersController,org.pitest.mutationtest.engine.gregor.mutators.returns.NullReturnValsMutator,lambda$hideUser$0,52,KILLED,edu.ucsb.cs156.happiercows.controllers.UsersControllerTests.[engine:junit-jupiter]/[class:edu.ucsb.cs156.happiercows.controllers.UsersControllerTests]/[method:test_hide_non_exsitent_user()]
UsersController.java,edu.ucsb.cs156.happiercows.controllers.UsersController,org.pitest.mutationtest.engine.gregor.mutators.returns.NullReturnValsMutator,lambda$unhideUser$1,68,KILLED,edu.ucsb.cs156.happiercows.controllers.UsersControllerTests.[engine:junit-jupiter]/[class:edu.ucsb.cs156.happiercows.controllers.UsersControllerTests]/[method:test_unhide_non_exsitent_user()]
UsersController.java,edu.ucsb.cs156.happiercows.controllers.UsersController,org.pitest.mutationtest.engine.gregor.mutators.NegateConditionalsMutator,unhideUser,69,KILLED,edu.ucsb.cs156.happiercows.controllers.UsersControllerTests.[engine:junit-jupiter]/[class:edu.ucsb.cs156.happiercows.controllers.UsersControllerTests]/[method:test_unhide_admin_user()]
UsersController.java,edu.ucsb.cs156.happiercows.controllers.UsersController,org.pitest.mutationtest.engine.gregor.mutators.VoidMethodCallMutator,unhideUser,72,KILLED,edu.ucsb.cs156.happiercows.controllers.UsersControllerTests.[engine:junit-jupiter]/[class:edu.ucsb.cs156.happiercows.controllers.UsersControllerTests]/[method:test_hide_user()]
UsersController.java,edu.ucsb.cs156.happiercows.controllers.UsersController,org.pitest.mutationtest.engine.gregor.mutators.returns.NullReturnValsMutator,unhideUser,70,KILLED,edu.ucsb.cs156.happiercows.controllers.UsersControllerTests.[engine:junit-jupiter]/[class:edu.ucsb.cs156.happiercows.controllers.UsersControllerTests]/[method:test_unhide_admin_user()]
UsersController.java,edu.ucsb.cs156.happiercows.controllers.UsersController,org.pitest.mutationtest.engine.gregor.mutators.returns.NullReturnValsMutator,unhideUser,74,KILLED,edu.ucsb.cs156.happiercows.controllers.UsersControllerTests.[engine:junit-jupiter]/[class:edu.ucsb.cs156.happiercows.controllers.UsersControllerTests]/[method:test_hide_user()]
UsersController.java,edu.ucsb.cs156.happiercows.controllers.UsersController,org.pitest.mutationtest.engine.gregor.mutators.returns.NullReturnValsMutator,users,41,KILLED,edu.ucsb.cs156.happiercows.controllers.UsersControllerTests.[engine:junit-jupiter]/[class:edu.ucsb.cs156.happiercows.controllers.UsersControllerTests]/[method:users__admin_logged_in()]
SetCowHealthJob.java,edu.ucsb.cs156.happiercows.jobs.SetCowHealthJob,org.pitest.mutationtest.engine.gregor.mutators.NegateConditionalsMutator,accept,37,KILLED,edu.ucsb.cs156.happiercows.jobs.SetCowHealthJobTests.[engine:junit-jupiter]/[class:edu.ucsb.cs156.happiercows.jobs.SetCowHealthJobTests]/[method:error_msg_when_no_commons_found()]
SetCowHealthJob.java,edu.ucsb.cs156.happiercows.jobs.SetCowHealthJob,org.pitest.mutationtest.engine.gregor.mutators.NegateConditionalsMutator,accept,43,KILLED,edu.ucsb.cs156.happiercows.jobs.SetCowHealthJobTests.[engine:junit-jupiter]/[class:edu.ucsb.cs156.happiercows.jobs.SetCowHealthJobTests]/[method:test_hidden_user()]
SetCowHealthJob.java,edu.ucsb.cs156.happiercows.jobs.SetCowHealthJob,org.pitest.mutationtest.engine.gregor.mutators.VoidMethodCallMutator,accept,32,KILLED,edu.ucsb.cs156.happiercows.jobs.SetCowHealthJobTests.[engine:junit-jupiter]/[class:edu.ucsb.cs156.happiercows.jobs.SetCowHealthJobTests]/[method:error_msg_when_no_commons_found()]
SetCowHealthJob.java,edu.ucsb.cs156.happiercows.jobs.SetCowHealthJob,org.pitest.mutationtest.engine.gregor.mutators.VoidMethodCallMutator,accept,38,KILLED,edu.ucsb.cs156.happiercows.jobs.SetCowHealthJobTests.[engine:junit-jupiter]/[class:edu.ucsb.cs156.happiercows.jobs.SetCowHealthJobTests]/[method:test_updating_to_new_values_for_multiple()]
SetCowHealthJob.java,edu.ucsb.cs156.happiercows.jobs.SetCowHealthJob,org.pitest.mutationtest.engine.gregor.mutators.VoidMethodCallMutator,accept,47,KILLED,edu.ucsb.cs156.happiercows.jobs.SetCowHealthJobTests.[engine:junit-jupiter]/[class:edu.ucsb.cs156.happiercows.jobs.SetCowHealthJobTests]/[method:test_updating_to_new_values_for_multiple()]
SetCowHealthJob.java,edu.ucsb.cs156.happiercows.jobs.SetCowHealthJob,org.pitest.mutationtest.engine.gregor.mutators.VoidMethodCallMutator,accept,48,KILLED,edu.ucsb.cs156.happiercows.jobs.SetCowHealthJobTests.[engine:junit-jupiter]/[class:edu.ucsb.cs156.happiercows.jobs.SetCowHealthJobTests]/[method:test_updating_to_new_values_for_multiple()]
SetCowHealthJob.java,edu.ucsb.cs156.happiercows.jobs.SetCowHealthJob,org.pitest.mutationtest.engine.gregor.mutators.VoidMethodCallMutator,accept,49,KILLED,edu.ucsb.cs156.happiercows.jobs.SetCowHealthJobTests.[engine:junit-jupiter]/[class:edu.ucsb.cs156.happiercows.jobs.SetCowHealthJobTests]/[method:test_updating_to_new_values_for_multiple()]
SetCowHealthJob.java,edu.ucsb.cs156.happiercows.jobs.SetCowHealthJob,org.pitest.mutationtest.engine.gregor.mutators.VoidMethodCallMutator,accept,53,KILLED,edu.ucsb.cs156.happiercows.jobs.SetCowHealthJobTests.[engine:junit-jupiter]/[class:edu.ucsb.cs156.happiercows.jobs.SetCowHealthJobTests]/[method:test_updating_to_new_values_for_multiple()]
SetCowHealthJob.java,edu.ucsb.cs156.happiercows.jobs.SetCowHealthJob,org.pitest.mutationtest.engine.gregor.mutators.VoidMethodCallMutator,accept,55,KILLED,edu.ucsb.cs156.happiercows.jobs.SetCowHealthJobTests.[engine:junit-jupiter]/[class:edu.ucsb.cs156.happiercows.jobs.SetCowHealthJobTests]/[method:error_msg_when_no_commons_found()]
CowHealthUpdateStrategies.java,edu.ucsb.cs156.happiercows.strategies.CowHealthUpdateStrategies$2,org.pitest.mutationtest.engine.gregor.mutators.ConditionalsBoundaryMutator,calculateNewCowHealth,36,KILLED,edu.ucsb.cs156.happiercows.strategies.CowHealthUpdateStrategyTests.[engine:junit-jupiter]/[class:edu.ucsb.cs156.happiercows.strategies.CowHealthUpdateStrategyTests]/[method:constant_changes_by_constant_amount()]
CowHealthUpdateStrategies.java,edu.ucsb.cs156.happiercows.strategies.CowHealthUpdateStrategies$2,org.pitest.mutationtest.engine.gregor.mutators.MathMutator,calculateNewCowHealth,37,KILLED,edu.ucsb.cs156.happiercows.strategies.CowHealthUpdateStrategyTests.[engine:junit-jupiter]/[class:edu.ucsb.cs156.happiercows.strategies.CowHealthUpdateStrategyTests]/[method:constant_changes_by_constant_amount()]
CowHealthUpdateStrategies.java,edu.ucsb.cs156.happiercows.strategies.CowHealthUpdateStrategies$2,org.pitest.mutationtest.engine.gregor.mutators.MathMutator,calculateNewCowHealth,39,KILLED,edu.ucsb.cs156.happiercows.strategies.CowHealthUpdateStrategyTests.[engine:junit-jupiter]/[class:edu.ucsb.cs156.happiercows.strategies.CowHealthUpdateStrategyTests]/[method:constant_changes_by_constant_amount()]
CowHealthUpdateStrategies.java,edu.ucsb.cs156.happiercows.strategies.CowHealthUpdateStrategies$2,org.pitest.mutationtest.engine.gregor.mutators.NegateConditionalsMutator,calculateNewCowHealth,33,KILLED,edu.ucsb.cs156.happiercows.strategies.CowHealthUpdateStrategyTests.[engine:junit-jupiter]/[class:edu.ucsb.cs156.happiercows.strategies.CowHealthUpdateStrategyTests]/[method:constant_changes_by_constant_amount()]
CowHealthUpdateStrategies.java,edu.ucsb.cs156.happiercows.strategies.CowHealthUpdateStrategies$2,org.pitest.mutationtest.engine.gregor.mutators.NegateConditionalsMutator,calculateNewCowHealth,36,KILLED,edu.ucsb.cs156.happiercows.strategies.CowHealthUpdateStrategyTests.[engine:junit-jupiter]/[class:edu.ucsb.cs156.happiercows.strategies.CowHealthUpdateStrategyTests]/[method:constant_changes_by_constant_amount()]
CowHealthUpdateStrategies.java,edu.ucsb.cs156.happiercows.strategies.CowHealthUpdateStrategies$2,org.pitest.mutationtest.engine.gregor.mutators.returns.PrimitiveReturnsMutator,calculateNewCowHealth,34,KILLED,edu.ucsb.cs156.happiercows.strategies.CowHealthUpdateStrategyTests.[engine:junit-jupiter]/[class:edu.ucsb.cs156.happiercows.strategies.CowHealthUpdateStrategyTests]/[method:constant_changes_by_constant_amount()]
CowHealthUpdateStrategies.java,edu.ucsb.cs156.happiercows.strategies.CowHealthUpdateStrategies$2,org.pitest.mutationtest.engine.gregor.mutators.returns.PrimitiveReturnsMutator,calculateNewCowHealth,37,KILLED,edu.ucsb.cs156.happiercows.strategies.CowHealthUpdateStrategyTests.[engine:junit-jupiter]/[class:edu.ucsb.cs156.happiercows.strategies.CowHealthUpdateStrategyTests]/[method:constant_changes_by_constant_amount()]
CowHealthUpdateStrategies.java,edu.ucsb.cs156.happiercows.strategies.CowHealthUpdateStrategies$2,org.pitest.mutationtest.engine.gregor.mutators.returns.PrimitiveReturnsMutator,calculateNewCowHealth,39,KILLED,edu.ucsb.cs156.happiercows.strategies.CowHealthUpdateStrategyTests.[engine:junit-jupiter]/[class:edu.ucsb.cs156.happiercows.strategies.CowHealthUpdateStrategyTests]/[method:constant_changes_by_constant_amount()]
AverageCowHealthService.java,edu.ucsb.cs156.happiercows.services.AverageCowHealthService,org.pitest.mutationtest.engine.gregor.mutators.MathMutator,getAverageCowHealth,41,KILLED,edu.ucsb.cs156.happiercows.services.AverageCowHealthServiceTests.[engine:junit-jupiter]/[class:edu.ucsb.cs156.happiercows.services.AverageCowHealthServiceTests]/[method:test_getAverageCowHealthOneUser()]
AverageCowHealthService.java,edu.ucsb.cs156.happiercows.services.AverageCowHealthService,org.pitest.mutationtest.engine.gregor.mutators.MathMutator,getAverageCowHealth,41,KILLED,edu.ucsb.cs156.happiercows.services.AverageCowHealthServiceTests.[engine:junit-jupiter]/[class:edu.ucsb.cs156.happiercows.services.AverageCowHealthServiceTests]/[method:test_getAverageCowHealthOneUser()]
AverageCowHealthService.java,edu.ucsb.cs156.happiercows.services.AverageCowHealthService,org.pitest.mutationtest.engine.gregor.mutators.MathMutator,getAverageCowHealth,44,KILLED,edu.ucsb.cs156.happiercows.services.AverageCowHealthServiceTests.[engine:junit-jupiter]/[class:edu.ucsb.cs156.happiercows.services.AverageCowHealthServiceTests]/[method:test_getAverageCowHealthOneUser()]
AverageCowHealthService.java,edu.ucsb.cs156.happiercows.services.AverageCowHealthService,org.pitest.mutationtest.engine.gregor.mutators.returns.PrimitiveReturnsMutator,getAverageCowHealth,44,KILLED,edu.ucsb.cs156.happiercows.services.AverageCowHealthServiceTests.[engine:junit-jupiter]/[class:edu.ucsb.cs156.happiercows.services.AverageCowHealthServiceTests]/[method:test_getAverageCowHealthOneUser()]
AverageCowHealthService.java,edu.ucsb.cs156.happiercows.services.AverageCowHealthService,org.pitest.mutationtest.engine.gregor.mutators.MathMutator,getTotalNumCows,27,KILLED,edu.ucsb.cs156.happiercows.services.AverageCowHealthServiceTests.[engine:junit-jupiter]/[class:edu.ucsb.cs156.happiercows.services.AverageCowHealthServiceTests]/[method:test_getAverageCowHealthOneUser()]
AverageCowHealthService.java,edu.ucsb.cs156.happiercows.services.AverageCowHealthService,org.pitest.mutationtest.engine.gregor.mutators.returns.PrimitiveReturnsMutator,getTotalNumCows,30,KILLED,edu.ucsb.cs156.happiercows.services.AverageCowHealthServiceTests.[engine:junit-jupiter]/[class:edu.ucsb.cs156.happiercows.services.AverageCowHealthServiceTests]/[method:test_getAverageCowHealthOneUser()]
AverageCowHealthService.java,edu.ucsb.cs156.happiercows.services.AverageCowHealthService,org.pitest.mutationtest.engine.gregor.mutators.returns.NullReturnValsMutator,lambda$getAverageCowHealth$1,34,KILLED,edu.ucsb.cs156.happiercows.services.AverageCowHealthServiceTests.[engine:junit-jupiter]/[class:edu.ucsb.cs156.happiercows.services.AverageCowHealthServiceTests]/[method:test_getAverageCowHealthThrowsException()]
AverageCowHealthService.java,edu.ucsb.cs156.happiercows.services.AverageCowHealthService,org.pitest.mutationtest.engine.gregor.mutators.returns.NullReturnValsMutator,lambda$getTotalNumCows$0,20,KILLED,edu.ucsb.cs156.happiercows.services.AverageCowHealthServiceTests.[engine:junit-jupiter]/[class:edu.ucsb.cs156.happiercows.services.AverageCowHealthServiceTests]/[method:test_getTotalNumCowsThrowsException()]
ProfitsController.java,edu.ucsb.cs156.happiercows.controllers.ProfitsController,org.pitest.mutationtest.engine.gregor.mutators.NegateConditionalsMutator,allProfitsByCommonsId,47,KILLED,edu.ucsb.cs156.happiercows.controllers.ProfitsControllerTests.[engine:junit-jupiter]/[class:edu.ucsb.cs156.happiercows.controllers.ProfitsControllerTests]/[method:get_profits_all_commons_nonexistent_using_commons_id_hiddenuser()]
ProfitsController.java,edu.ucsb.cs156.happiercows.controllers.ProfitsController,org.pitest.mutationtest.engine.gregor.mutators.returns.NullReturnValsMutator,allProfitsByCommonsId,57,KILLED,edu.ucsb.cs156.happiercows.controllers.ProfitsControllerTests.[engine:junit-jupiter]/[class:edu.ucsb.cs156.happiercows.controllers.ProfitsControllerTests]/[method:get_profits_all_commons_using_commons_id()]
ProfitsController.java,edu.ucsb.cs156.happiercows.controllers.ProfitsController,org.pitest.mutationtest.engine.gregor.mutators.MathMutator,allProfitsByCommonsIdWithPagination,79,KILLED,edu.ucsb.cs156.happiercows.controllers.ProfitsControllerTests.[engine:junit-jupiter]/[class:edu.ucsb.cs156.happiercows.controllers.ProfitsControllerTests]/[method:get_profits_all_commons_using_commons_id_with_pagination_2()]
ProfitsController.java,edu.ucsb.cs156.happiercows.controllers.ProfitsController,org.pitest.mutationtest.engine.gregor.mutators.MathMutator,allProfitsByCommonsIdWithPagination,80,KILLED,edu.ucsb.cs156.happiercows.controllers.ProfitsControllerTests.[engine:junit-jupiter]/[class:edu.ucsb.cs156.happiercows.controllers.ProfitsControllerTests]/[method:get_profits_all_commons_using_commons_id_with_pagination_2()]
ProfitsController.java,edu.ucsb.cs156.happiercows.controllers.ProfitsController,org.pitest.mutationtest.engine.gregor.mutators.VoidMethodCallMutator,allProfitsByCommonsIdWithPagination,77,KILLED,edu.ucsb.cs156.happiercows.controllers.ProfitsControllerTests.[engine:junit-jupiter]/[class:edu.ucsb.cs156.happiercows.controllers.ProfitsControllerTests]/[method:get_profits_all_commons_using_commons_id_with_pagination_2()]
ProfitsController.java,edu.ucsb.cs156.happiercows.controllers.ProfitsController,org.pitest.mutationtest.engine.gregor.mutators.returns.NullReturnValsMutator,allProfitsByCommonsIdWithPagination,86,KILLED,edu.ucsb.cs156.happiercows.controllers.ProfitsControllerTests.[engine:junit-jupiter]/[class:edu.ucsb.cs156.happiercows.controllers.ProfitsControllerTests]/[method:get_profits_all_commons_using_commons_id_with_pagination_2()]
ProfitsController.java,edu.ucsb.cs156.happiercows.controllers.ProfitsController,org.pitest.mutationtest.engine.gregor.mutators.returns.NullReturnValsMutator,lambda$allProfitsByCommonsId$0,53,KILLED,edu.ucsb.cs156.happiercows.controllers.ProfitsControllerTests.[engine:junit-jupiter]/[class:edu.ucsb.cs156.happiercows.controllers.ProfitsControllerTests]/[method:get_profits_all_commons_nonexistent_using_commons_id()]
ProfitsController.java,edu.ucsb.cs156.happiercows.controllers.ProfitsController,org.pitest.mutationtest.engine.gregor.mutators.returns.NullReturnValsMutator,lambda$allProfitsByCommonsIdWithPagination$1,72,KILLED,edu.ucsb.cs156.happiercows.controllers.ProfitsControllerTests.[engine:junit-jupiter]/[class:edu.ucsb.cs156.happiercows.controllers.ProfitsControllerTests]/[method:get_profits_all_commons_nonexistent_using_commons_id_with_pagination()]
TestJob.java,edu.ucsb.cs156.happiercows.jobs.TestJob,org.pitest.mutationtest.engine.gregor.mutators.NegateConditionalsMutator,accept,23,KILLED,edu.ucsb.cs156.happiercows.jobs.TestJobTests.[engine:junit-jupiter]/[class:edu.ucsb.cs156.happiercows.jobs.TestJobTests]/[method:test_log_output_with_mock_user()]
TestJob.java,edu.ucsb.cs156.happiercows.jobs.TestJob,org.pitest.mutationtest.engine.gregor.mutators.NegateConditionalsMutator,accept,29,KILLED,edu.ucsb.cs156.happiercows.jobs.TestJobTests.[engine:junit-jupiter]/[class:edu.ucsb.cs156.happiercows.jobs.TestJobTests]/[method:test_log_output_with_mock_user()]
TestJob.java,edu.ucsb.cs156.happiercows.jobs.TestJob,org.pitest.mutationtest.engine.gregor.mutators.VoidMethodCallMutator,accept,22,KILLED,edu.ucsb.cs156.happiercows.jobs.TestJobTests.[engine:junit-jupiter]/[class:edu.ucsb.cs156.happiercows.jobs.TestJobTests]/[method:test_log_output_with_mock_user()]
TestJob.java,edu.ucsb.cs156.happiercows.jobs.TestJob,org.pitest.mutationtest.engine.gregor.mutators.VoidMethodCallMutator,accept,24,KILLED,edu.ucsb.cs156.happiercows.jobs.TestJobTests.[engine:junit-jupiter]/[class:edu.ucsb.cs156.happiercows.jobs.TestJobTests]/[method:test_log_output_with_no_user()]
TestJob.java,edu.ucsb.cs156.happiercows.jobs.TestJob,org.pitest.mutationtest.engine.gregor.mutators.VoidMethodCallMutator,accept,26,KILLED,edu.ucsb.cs156.happiercows.jobs.TestJobTests.[engine:junit-jupiter]/[class:edu.ucsb.cs156.happiercows.jobs.TestJobTests]/[method:test_log_output_with_mock_user()]
TestJob.java,edu.ucsb.cs156.happiercows.jobs.TestJob,org.pitest.mutationtest.engine.gregor.mutators.VoidMethodCallMutator,accept,28,KILLED,edu.ucsb.cs156.happiercows.controllers.JobsControllerTests.[engine:junit-jupiter]/[class:edu.ucsb.cs156.happiercows.controllers.JobsControllerTests]/[method:admin_can_launch_test_job()]
TestJob.java,edu.ucsb.cs156.happiercows.jobs.TestJob,org.pitest.mutationtest.engine.gregor.mutators.VoidMethodCallMutator,accept,32,KILLED,edu.ucsb.cs156.happiercows.jobs.TestJobTests.[engine:junit-jupiter]/[class:edu.ucsb.cs156.happiercows.jobs.TestJobTests]/[method:test_log_output_with_mock_user()]
CowHealthUpdateStrategies.java,edu.ucsb.cs156.happiercows.strategies.CowHealthUpdateStrategies$1,org.pitest.mutationtest.engine.gregor.mutators.MathMutator,calculateNewCowHealth,26,KILLED,edu.ucsb.cs156.happiercows.strategies.CowHealthUpdateStrategyTests.[engine:junit-jupiter]/[class:edu.ucsb.cs156.happiercows.strategies.CowHealthUpdateStrategyTests]/[method:linear_updates_health_proportional_to_num_cows_over_capacity()]
CowHealthUpdateStrategies.java,edu.ucsb.cs156.happiercows.strategies.CowHealthUpdateStrategies$1,org.pitest.mutationtest.engine.gregor.mutators.MathMutator,calculateNewCowHealth,26,KILLED,edu.ucsb.cs156.happiercows.strategies.CowHealthUpdateStrategyTests.[engine:junit-jupiter]/[class:edu.ucsb.cs156.happiercows.strategies.CowHealthUpdateStrategyTests]/[method:linear_updates_health_proportional_to_num_cows_over_capacity()]
CowHealthUpdateStrategies.java,edu.ucsb.cs156.happiercows.strategies.CowHealthUpdateStrategies$1,org.pitest.mutationtest.engine.gregor.mutators.MathMutator,calculateNewCowHealth,26,KILLED,edu.ucsb.cs156.happiercows.strategies.CowHealthUpdateStrategyTests.[engine:junit-jupiter]/[class:edu.ucsb.cs156.happiercows.strategies.CowHealthUpdateStrategyTests]/[method:linear_updates_health_proportional_to_num_cows_over_capacity()]
CowHealthUpdateStrategies.java,edu.ucsb.cs156.happiercows.strategies.CowHealthUpdateStrategies$1,org.pitest.mutationtest.engine.gregor.mutators.NegateConditionalsMutator,calculateNewCowHealth,23,KILLED,edu.ucsb.cs156.happiercows.strategies.CowHealthUpdateStrategyTests.[engine:junit-jupiter]/[class:edu.ucsb.cs156.happiercows.strategies.CowHealthUpdateStrategyTests]/[method:linear_updates_health_proportional_to_num_cows_over_capacity()]
CowHealthUpdateStrategies.java,edu.ucsb.cs156.happiercows.strategies.CowHealthUpdateStrategies$1,org.pitest.mutationtest.engine.gregor.mutators.returns.PrimitiveReturnsMutator,calculateNewCowHealth,24,KILLED,edu.ucsb.cs156.happiercows.strategies.CowHealthUpdateStrategyTests.[engine:junit-jupiter]/[class:edu.ucsb.cs156.happiercows.strategies.CowHealthUpdateStrategyTests]/[method:linear_updates_health_proportional_to_num_cows_over_capacity()]
CowHealthUpdateStrategies.java,edu.ucsb.cs156.happiercows.strategies.CowHealthUpdateStrategies$1,org.pitest.mutationtest.engine.gregor.mutators.returns.PrimitiveReturnsMutator,calculateNewCowHealth,26,KILLED,edu.ucsb.cs156.happiercows.strategies.CowHealthUpdateStrategyTests.[engine:junit-jupiter]/[class:edu.ucsb.cs156.happiercows.strategies.CowHealthUpdateStrategyTests]/[method:linear_updates_health_proportional_to_num_cows_over_capacity()]
ReportService.java,edu.ucsb.cs156.happiercows.services.ReportService,org.pitest.mutationtest.engine.gregor.mutators.returns.NullReturnValsMutator,createAndSaveReportHeader,67,KILLED,edu.ucsb.cs156.happiercows.services.ReportServiceTests.[engine:junit-jupiter]/[class:edu.ucsb.cs156.happiercows.services.ReportServiceTests]/[method:test_createAndSaveReportHeader()]
ReportService.java,edu.ucsb.cs156.happiercows.services.ReportService,org.pitest.mutationtest.engine.gregor.mutators.returns.NullReturnValsMutator,createAndSaveReportLine,84,KILLED,edu.ucsb.cs156.happiercows.services.ReportServiceTests.[engine:junit-jupiter]/[class:edu.ucsb.cs156.happiercows.services.ReportServiceTests]/[method:test_createAndSaveReportLine()]
ReportService.java,edu.ucsb.cs156.happiercows.services.ReportService,org.pitest.mutationtest.engine.gregor.mutators.NegateConditionalsMutator,createReport,37,KILLED,edu.ucsb.cs156.happiercows.services.ReportServiceTests.[engine:junit-jupiter]/[class:edu.ucsb.cs156.happiercows.services.ReportServiceTests]/[method:test_createAndSaveReport_Userhidden()]
ReportService.java,edu.ucsb.cs156.happiercows.services.ReportService,org.pitest.mutationtest.engine.gregor.mutators.returns.NullReturnValsMutator,createReport,43,KILLED,edu.ucsb.cs156.happiercows.services.ReportServiceTests.[engine:junit-jupiter]/[class:edu.ucsb.cs156.happiercows.services.ReportServiceTests]/[method:test_createAndSaveReport_Userhidden()]
ReportService.java,edu.ucsb.cs156.happiercows.services.ReportService,org.pitest.mutationtest.engine.gregor.mutators.returns.NullReturnValsMutator,lambda$createAndSaveReportHeader$0,48,KILLED,edu.ucsb.cs156.happiercows.services.ReportServiceTests.[engine:junit-jupiter]/[class:edu.ucsb.cs156.happiercows.services.ReportServiceTests]/[method:test_createAndSaveReportHeader_throwsException()]
ReportsController.java,edu.ucsb.cs156.happiercows.controllers.ReportsController,org.pitest.mutationtest.engine.gregor.mutators.returns.NullReturnValsMutator,allLinesByReportId,92,KILLED,edu.ucsb.cs156.happiercows.controllers.ReportsControllerTests.[engine:junit-jupiter]/[class:edu.ucsb.cs156.happiercows.controllers.ReportsControllerTests]/[method:get_reports_lines_commonId()]
ReportsController.java,edu.ucsb.cs156.happiercows.controllers.ReportsController,org.pitest.mutationtest.engine.gregor.mutators.returns.NullReturnValsMutator,allReports,65,KILLED,edu.ucsb.cs156.happiercows.controllers.ReportsControllerTests.[engine:junit-jupiter]/[class:edu.ucsb.cs156.happiercows.controllers.ReportsControllerTests]/[method:get_all_report_headers()]
ReportsController.java,edu.ucsb.cs156.happiercows.controllers.ReportsController,org.pitest.mutationtest.engine.gregor.mutators.returns.NullReturnValsMutator,allReportsByCommonsId,83,KILLED,edu.ucsb.cs156.happiercows.controllers.ReportsControllerTests.[engine:junit-jupiter]/[class:edu.ucsb.cs156.happiercows.controllers.ReportsControllerTests]/[method:get_reports_headers_commonId()]
ReportsController.java,edu.ucsb.cs156.happiercows.controllers.ReportsController,org.pitest.mutationtest.engine.gregor.mutators.returns.EmptyObjectReturnValsMutator,findByReportId,74,KILLED,edu.ucsb.cs156.happiercows.controllers.ReportsControllerTests.[engine:junit-jupiter]/[class:edu.ucsb.cs156.happiercows.controllers.ReportsControllerTests]/[method:get_specific_report_header()]
ReportsController.java,edu.ucsb.cs156.happiercows.controllers.ReportsController,org.pitest.mutationtest.engine.gregor.mutators.returns.NullReturnValsMutator,getLinesCSV,108,KILLED,edu.ucsb.cs156.happiercows.controllers.ReportsControllerTests.[engine:junit-jupiter]/[class:edu.ucsb.cs156.happiercows.controllers.ReportsControllerTests]/[method:test_get_csv()]
JobService.java,edu.ucsb.cs156.happiercows.services.jobs.JobService,org.pitest.mutationtest.engine.gregor.mutators.VoidMethodCallMutator,runAsJob,30,KILLED,edu.ucsb.cs156.happiercows.controllers.JobsControllerTests.[engine:junit-jupiter]/[class:edu.ucsb.cs156.happiercows.controllers.JobsControllerTests]/[method:admin_can_launch_test_job()]
JobService.java,edu.ucsb.cs156.happiercows.services.jobs.JobService,org.pitest.mutationtest.engine.gregor.mutators.returns.NullReturnValsMutator,runAsJob,31,KILLED,edu.ucsb.cs156.happiercows.controllers.JobsControllerTests.[engine:junit-jupiter]/[class:edu.ucsb.cs156.happiercows.controllers.JobsControllerTests]/[method:admin_can_launch_update_cow_health_job()]
JobService.java,edu.ucsb.cs156.happiercows.services.jobs.JobService,org.pitest.mutationtest.engine.gregor.mutators.VoidMethodCallMutator,runJobAsync,39,KILLED,edu.ucsb.cs156.happiercows.controllers.JobsControllerTests.[engine:junit-jupiter]/[class:edu.ucsb.cs156.happiercows.controllers.JobsControllerTests]/[method:admin_can_launch_test_job()]
JobService.java,edu.ucsb.cs156.happiercows.services.jobs.JobService,org.pitest.mutationtest.engine.gregor.mutators.VoidMethodCallMutator,runJobAsync,42,KILLED,edu.ucsb.cs156.happiercows.controllers.JobsControllerTests.[engine:junit-jupiter]/[class:edu.ucsb.cs156.happiercows.controllers.JobsControllerTests]/[method:admin_can_launch_test_job_that_fails()]
JobService.java,edu.ucsb.cs156.happiercows.services.jobs.JobService,org.pitest.mutationtest.engine.gregor.mutators.VoidMethodCallMutator,runJobAsync,47,KILLED,edu.ucsb.cs156.happiercows.controllers.JobsControllerTests.[engine:junit-jupiter]/[class:edu.ucsb.cs156.happiercows.controllers.JobsControllerTests]/[method:admin_can_launch_test_job()]
ApiController.java,edu.ucsb.cs156.happiercows.controllers.ApiController,org.pitest.mutationtest.engine.gregor.mutators.returns.NullReturnValsMutator,genericMessage,30,KILLED,edu.ucsb.cs156.happiercows.controllers.CommonsControllerTests.[engine:junit-jupiter]/[class:edu.ucsb.cs156.happiercows.controllers.CommonsControllerTests]/[method:deleteCommons_test_admin_exists()]
ApiController.java,edu.ucsb.cs156.happiercows.controllers.ApiController,org.pitest.mutationtest.engine.gregor.mutators.returns.NullReturnValsMutator,getCurrentUser,26,KILLED,edu.ucsb.cs156.happiercows.controllers.UserCommonsControllerTests.[engine:junit-jupiter]/[class:edu.ucsb.cs156.happiercows.controllers.UserCommonsControllerTests]/[method:test_buy_hiddenuser()]
ApiController.java,edu.ucsb.cs156.happiercows.controllers.ApiController,org.pitest.mutationtest.engine.gregor.mutators.returns.NullReturnValsMutator,handleBadRequest,45,KILLED,edu.ucsb.cs156.happiercows.controllers.UserCommonsControllerTests.[engine:junit-jupiter]/[class:edu.ucsb.cs156.happiercows.controllers.UserCommonsControllerTests]/[method:test_BuyCow_commons_exists_not_enough_money()]
ApiController.java,edu.ucsb.cs156.happiercows.controllers.ApiController,org.pitest.mutationtest.engine.gregor.mutators.returns.NullReturnValsMutator,handleForbidden,54,KILLED,edu.ucsb.cs156.happiercows.controllers.UserCommonsControllerTests.[engine:junit-jupiter]/[class:edu.ucsb.cs156.happiercows.controllers.UserCommonsControllerTests]/[method:test_buy_hiddenuser()]
ApiController.java,edu.ucsb.cs156.happiercows.controllers.ApiController,org.pitest.mutationtest.engine.gregor.mutators.returns.NullReturnValsMutator,handleGenericException,36,KILLED,edu.ucsb.cs156.happiercows.controllers.UsersControllerTests.[engine:junit-jupiter]/[class:edu.ucsb.cs156.happiercows.controllers.UsersControllerTests]/[method:test_unhide_non_exsitent_user()]
CommonStatsCSVHelper.java,edu.ucsb.cs156.happiercows.helpers.CommonStatsCSVHelper,org.pitest.mutationtest.engine.gregor.mutators.VoidMethodCallMutator,toCSV,51,KILLED,edu.ucsb.cs156.happiercows.controllers.CommonStatsControllerTests.[engine:junit-jupiter]/[class:edu.ucsb.cs156.happiercows.controllers.CommonStatsControllerTests]/[method:test_get_all_csv()]
CommonStatsCSVHelper.java,edu.ucsb.cs156.happiercows.helpers.CommonStatsCSVHelper,org.pitest.mutationtest.engine.gregor.mutators.VoidMethodCallMutator,toCSV,60,KILLED,edu.ucsb.cs156.happiercows.controllers.CommonStatsControllerTests.[engine:junit-jupiter]/[class:edu.ucsb.cs156.happiercows.controllers.CommonStatsControllerTests]/[method:test_get_all_csv()]
CommonStatsCSVHelper.java,edu.ucsb.cs156.happiercows.helpers.CommonStatsCSVHelper,org.pitest.mutationtest.engine.gregor.mutators.VoidMethodCallMutator,toCSV,63,KILLED,edu.ucsb.cs156.happiercows.controllers.CommonStatsControllerTests.[engine:junit-jupiter]/[class:edu.ucsb.cs156.happiercows.controllers.CommonStatsControllerTests]/[method:test_get_all_csv()]
CommonStatsCSVHelper.java,edu.ucsb.cs156.happiercows.helpers.CommonStatsCSVHelper,org.pitest.mutationtest.engine.gregor.mutators.returns.NullReturnValsMutator,toCSV,64,KILLED,edu.ucsb.cs156.happiercows.controllers.CommonStatsControllerTests.[engine:junit-jupiter]/[class:edu.ucsb.cs156.happiercows.controllers.CommonStatsControllerTests]/[method:test_get_all_csv()]
InstructorReportJob.java,edu.ucsb.cs156.happiercows.jobs.InstructorReportJob,org.pitest.mutationtest.engine.gregor.mutators.VoidMethodCallMutator,accept,23,KILLED,edu.ucsb.cs156.happiercows.jobs.InstructorReportJobTests.[engine:junit-jupiter]/[class:edu.ucsb.cs156.happiercows.jobs.InstructorReportJobTests]/[method:test_log_output()]
InstructorReportJob.java,edu.ucsb.cs156.happiercows.jobs.InstructorReportJob,org.pitest.mutationtest.engine.gregor.mutators.VoidMethodCallMutator,accept,27,KILLED,edu.ucsb.cs156.happiercows.jobs.InstructorReportJobTests.[engine:junit-jupiter]/[class:edu.ucsb.cs156.happiercows.jobs.InstructorReportJobTests]/[method:test_log_output()]
InstructorReportJob.java,edu.ucsb.cs156.happiercows.jobs.InstructorReportJob,org.pitest.mutationtest.engine.gregor.mutators.VoidMethodCallMutator,accept,29,KILLED,edu.ucsb.cs156.happiercows.jobs.InstructorReportJobTests.[engine:junit-jupiter]/[class:edu.ucsb.cs156.happiercows.jobs.InstructorReportJobTests]/[method:test_log_output()]
InstructorReportJob.java,edu.ucsb.cs156.happiercows.jobs.InstructorReportJob,org.pitest.mutationtest.engine.gregor.mutators.VoidMethodCallMutator,accept,32,KILLED,edu.ucsb.cs156.happiercows.jobs.InstructorReportJobTests.[engine:junit-jupiter]/[class:edu.ucsb.cs156.happiercows.jobs.InstructorReportJobTests]/[method:test_log_output()]
CommonStatsController.java,edu.ucsb.cs156.happiercows.controllers.CommonStatsController,org.pitest.mutationtest.engine.gregor.mutators.returns.NullReturnValsMutator,allCommonStats,46,KILLED,edu.ucsb.cs156.happiercows.controllers.CommonStatsControllerTests.[engine:junit-jupiter]/[class:edu.ucsb.cs156.happiercows.controllers.CommonStatsControllerTests]/[method:get_all_common_stats()]
CommonStatsController.java,edu.ucsb.cs156.happiercows.controllers.CommonStatsController,org.pitest.mutationtest.engine.gregor.mutators.returns.NullReturnValsMutator,allCommonStatsForCommons,54,KILLED,edu.ucsb.cs156.happiercows.controllers.CommonStatsControllerTests.[engine:junit-jupiter]/[class:edu.ucsb.cs156.happiercows.controllers.CommonStatsControllerTests]/[method:get_stats_by_commonsId()]
CommonStatsController.java,edu.ucsb.cs156.happiercows.controllers.CommonStatsController,org.pitest.mutationtest.engine.gregor.mutators.returns.NullReturnValsMutator,getAllCSV,87,KILLED,edu.ucsb.cs156.happiercows.controllers.CommonStatsControllerTests.[engine:junit-jupiter]/[class:edu.ucsb.cs156.happiercows.controllers.CommonStatsControllerTests]/[method:test_get_all_csv()]
CommonStatsController.java,edu.ucsb.cs156.happiercows.controllers.CommonStatsController,org.pitest.mutationtest.engine.gregor.mutators.returns.NullReturnValsMutator,getCSV,70,KILLED,edu.ucsb.cs156.happiercows.controllers.CommonStatsControllerTests.[engine:junit-jupiter]/[class:edu.ucsb.cs156.happiercows.controllers.CommonStatsControllerTests]/[method:test_get_csv()]
ReportCSVHelper.java,edu.ucsb.cs156.happiercows.helpers.ReportCSVHelper,org.pitest.mutationtest.engine.gregor.mutators.VoidMethodCallMutator,toCSV,59,KILLED,edu.ucsb.cs156.happiercows.controllers.ReportsControllerTests.[engine:junit-jupiter]/[class:edu.ucsb.cs156.happiercows.controllers.ReportsControllerTests]/[method:test_get_csv()]
ReportCSVHelper.java,edu.ucsb.cs156.happiercows.helpers.ReportCSVHelper,org.pitest.mutationtest.engine.gregor.mutators.VoidMethodCallMutator,toCSV,74,KILLED,edu.ucsb.cs156.happiercows.controllers.ReportsControllerTests.[engine:junit-jupiter]/[class:edu.ucsb.cs156.happiercows.controllers.ReportsControllerTests]/[method:test_get_csv()]
ReportCSVHelper.java,edu.ucsb.cs156.happiercows.helpers.ReportCSVHelper,org.pitest.mutationtest.engine.gregor.mutators.VoidMethodCallMutator,toCSV,77,KILLED,edu.ucsb.cs156.happiercows.controllers.ReportsControllerTests.[engine:junit-jupiter]/[class:edu.ucsb.cs156.happiercows.controllers.ReportsControllerTests]/[method:test_get_csv()]
ReportCSVHelper.java,edu.ucsb.cs156.happiercows.helpers.ReportCSVHelper,org.pitest.mutationtest.engine.gregor.mutators.returns.NullReturnValsMutator,toCSV,78,KILLED,edu.ucsb.cs156.happiercows.controllers.ReportsControllerTests.[engine:junit-jupiter]/[class:edu.ucsb.cs156.happiercows.controllers.ReportsControllerTests]/[method:test_get_csv()]
RecordCommonStatsJob.java,edu.ucsb.cs156.happiercows.jobs.RecordCommonStatsJob,org.pitest.mutationtest.engine.gregor.mutators.VoidMethodCallMutator,accept,27,KILLED,edu.ucsb.cs156.happiercows.jobs.RecordCommonStatsJobTests.[engine:junit-jupiter]/[class:edu.ucsb.cs156.happiercows.jobs.RecordCommonStatsJobTests]/[method:test_no_commons()]
RecordCommonStatsJob.java,edu.ucsb.cs156.happiercows.jobs.RecordCommonStatsJob,org.pitest.mutationtest.engine.gregor.mutators.VoidMethodCallMutator,accept,31,KILLED,edu.ucsb.cs156.happiercows.jobs.RecordCommonStatsJobTests.[engine:junit-jupiter]/[class:edu.ucsb.cs156.happiercows.jobs.RecordCommonStatsJobTests]/[method:test_log_output()]
RecordCommonStatsJob.java,edu.ucsb.cs156.happiercows.jobs.RecordCommonStatsJob,org.pitest.mutationtest.engine.gregor.mutators.VoidMethodCallMutator,accept,33,KILLED,edu.ucsb.cs156.happiercows.jobs.RecordCommonStatsJobTests.[engine:junit-jupiter]/[class:edu.ucsb.cs156.happiercows.jobs.RecordCommonStatsJobTests]/[method:test_log_output()]
RecordCommonStatsJob.java,edu.ucsb.cs156.happiercows.jobs.RecordCommonStatsJob,org.pitest.mutationtest.engine.gregor.mutators.VoidMethodCallMutator,accept,36,KILLED,edu.ucsb.cs156.happiercows.jobs.RecordCommonStatsJobTests.[engine:junit-jupiter]/[class:edu.ucsb.cs156.happiercows.jobs.RecordCommonStatsJobTests]/[method:test_no_commons()]
JobContext.java,edu.ucsb.cs156.happiercows.services.jobs.JobContext,org.pitest.mutationtest.engine.gregor.mutators.NegateConditionalsMutator,log,16,KILLED,edu.ucsb.cs156.happiercows.jobs.TestJobTests.[engine:junit-jupiter]/[class:edu.ucsb.cs156.happiercows.jobs.TestJobTests]/[method:test_log_output_with_mock_user()]
JobContext.java,edu.ucsb.cs156.happiercows.services.jobs.JobContext,org.pitest.mutationtest.engine.gregor.mutators.NegateConditionalsMutator,log,18,KILLED,edu.ucsb.cs156.happiercows.jobs.TestJobTests.[engine:junit-jupiter]/[class:edu.ucsb.cs156.happiercows.jobs.TestJobTests]/[method:test_log_output_with_mock_user()]
JobContext.java,edu.ucsb.cs156.happiercows.services.jobs.JobContext,org.pitest.mutationtest.engine.gregor.mutators.VoidMethodCallMutator,log,17,KILLED,edu.ucsb.cs156.happiercows.jobs.TestJobTests.[engine:junit-jupiter]/[class:edu.ucsb.cs156.happiercows.jobs.TestJobTests]/[method:test_log_output_with_mock_user()]
CommonStatsService.java,edu.ucsb.cs156.happiercows.services.CommonStatsService,org.pitest.mutationtest.engine.gregor.mutators.returns.NullReturnValsMutator,createAndSaveCommonStats,48,KILLED,edu.ucsb.cs156.happiercows.services.CommonStatsServiceTests.[engine:junit-jupiter]/[class:edu.ucsb.cs156.happiercows.services.CommonStatsServiceTests]/[method:test_saveStatsMultipleUsers()]
CommonStatsService.java,edu.ucsb.cs156.happiercows.services.CommonStatsService,org.pitest.mutationtest.engine.gregor.mutators.returns.NullReturnValsMutator,createCommonStats,40,KILLED,edu.ucsb.cs156.happiercows.services.CommonStatsServiceTests.[engine:junit-jupiter]/[class:edu.ucsb.cs156.happiercows.services.CommonStatsServiceTests]/[method:test_saveStatsMultipleUsers()]
CommonStatsService.java,edu.ucsb.cs156.happiercows.services.CommonStatsService,org.pitest.mutationtest.engine.gregor.mutators.returns.NullReturnValsMutator,lambda$createCommonStats$0,29,KILLED,edu.ucsb.cs156.happiercows.services.CommonStatsServiceTests.[engine:junit-jupiter]/[class:edu.ucsb.cs156.happiercows.services.CommonStatsServiceTests]/[method:test_getAverageCowHealthThrowsException()]
UserCommons.java,edu.ucsb.cs156.happiercows.entities.UserCommons,org.pitest.mutationtest.engine.gregor.mutators.returns.PrimitiveReturnsMutator,getCommonsId,55,KILLED,edu.ucsb.cs156.happiercows.entities.UserCommonsTests.[engine:junit-jupiter]/[class:edu.ucsb.cs156.happiercows.entities.UserCommonsTests]/[method:userCommons_serialized_to_json_includes_user_and_commons_id()]
UserCommons.java,edu.ucsb.cs156.happiercows.entities.UserCommons,org.pitest.mutationtest.engine.gregor.mutators.returns.NullReturnValsMutator,getId,63,KILLED,edu.ucsb.cs156.happiercows.entities.UserCommonsTests.[engine:junit-jupiter]/[class:edu.ucsb.cs156.happiercows.entities.UserCommonsTests]/[method:userCommons_setId()]
UserCommons.java,edu.ucsb.cs156.happiercows.entities.UserCommons,org.pitest.mutationtest.engine.gregor.mutators.returns.PrimitiveReturnsMutator,getUserId,50,KILLED,edu.ucsb.cs156.happiercows.entities.UserCommonsTests.[engine:junit-jupiter]/[class:edu.ucsb.cs156.happiercows.entities.UserCommonsTests]/[method:userCommons_serialized_to_json_includes_user_and_commons_id()]
InstructorReportJobSingleCommons.java,edu.ucsb.cs156.happiercows.jobs.InstructorReportJobSingleCommons,org.pitest.mutationtest.engine.gregor.mutators.VoidMethodCallMutator,accept,22,KILLED,edu.ucsb.cs156.happiercows.jobs.InstructorReportJobSingleCommonsTests.[engine:junit-jupiter]/[class:edu.ucsb.cs156.happiercows.jobs.InstructorReportJobSingleCommonsTests]/[method:test_log_output()]
InstructorReportJobSingleCommons.java,edu.ucsb.cs156.happiercows.jobs.InstructorReportJobSingleCommons,org.pitest.mutationtest.engine.gregor.mutators.VoidMethodCallMutator,accept,24,KILLED,edu.ucsb.cs156.happiercows.jobs.InstructorReportJobSingleCommonsTests.[engine:junit-jupiter]/[class:edu.ucsb.cs156.happiercows.jobs.InstructorReportJobSingleCommonsTests]/[method:test_log_output()]
CurrentUserService.java,edu.ucsb.cs156.happiercows.services.CurrentUserService,org.pitest.mutationtest.engine.gregor.mutators.NegateConditionalsMutator,isLoggedIn,17,KILLED,edu.ucsb.cs156.happiercows.services.CurrentUserServiceTests.[engine:junit-jupiter]/[class:edu.ucsb.cs156.happiercows.services.CurrentUserServiceTests]/[method:test_isLoggedIn_returns_false()]
CurrentUserService.java,edu.ucsb.cs156.happiercows.services.CurrentUserService,org.pitest.mutationtest.engine.gregor.mutators.returns.BooleanTrueReturnValsMutator,isLoggedIn,17,KILLED,edu.ucsb.cs156.happiercows.services.CurrentUserServiceTests.[engine:junit-jupiter]/[class:edu.ucsb.cs156.happiercows.services.CurrentUserServiceTests]/[method:test_isLoggedIn_returns_false()]
Commons.java,edu.ucsb.cs156.happiercows.entities.Commons,org.pitest.mutationtest.engine.gregor.mutators.MathMutator,getEffectiveCapacity,57,KILLED,edu.ucsb.cs156.happiercows.strategies.CowHealthUpdateStrategyTests.[engine:junit-jupiter]/[class:edu.ucsb.cs156.happiercows.strategies.CowHealthUpdateStrategyTests]/[method:linear_updates_health_proportional_to_num_cows_over_capacity()]
Commons.java,edu.ucsb.cs156.happiercows.entities.Commons,org.pitest.mutationtest.engine.gregor.mutators.returns.PrimitiveReturnsMutator,getEffectiveCapacity,57,KILLED,edu.ucsb.cs156.happiercows.strategies.CowHealthUpdateStrategyTests.[engine:junit-jupiter]/[class:edu.ucsb.cs156.happiercows.strategies.CowHealthUpdateStrategyTests]/[method:linear_updates_health_proportional_to_num_cows_over_capacity()]
HealthUpdateStrategyList.java,edu.ucsb.cs156.happiercows.models.HealthUpdateStrategyList,org.pitest.mutationtest.engine.gregor.mutators.returns.NullReturnValsMutator,create,28,KILLED,edu.ucsb.cs156.happiercows.models.HealthUpdateStrategyListTests.[engine:junit-jupiter]/[class:edu.ucsb.cs156.happiercows.models.HealthUpdateStrategyListTests]/[method:createdValueHasDefaults()]
HealthUpdateStrategyList.java,edu.ucsb.cs156.happiercows.models.HealthUpdateStrategyList,org.pitest.mutationtest.engine.gregor.mutators.returns.NullReturnValsMutator,lambda$create$0,21,KILLED,edu.ucsb.cs156.happiercows.models.HealthUpdateStrategyListTests.[engine:junit-jupiter]/[class:edu.ucsb.cs156.happiercows.models.HealthUpdateStrategyListTests]/[method:strategiesListMatchesEnumValues()]
MilkTheCowsJobFactory.java,edu.ucsb.cs156.happiercows.jobs.MilkTheCowsJobFactory,org.pitest.mutationtest.engine.gregor.mutators.returns.NullReturnValsMutator,create,28,KILLED,edu.ucsb.cs156.happiercows.jobs.MilkTheCowsJobFactoryTests.[engine:junit-jupiter]/[class:edu.ucsb.cs156.happiercows.jobs.MilkTheCowsJobFactoryTests]/[method:test_create()]
UpdateCowHealthJobFactory.java,edu.ucsb.cs156.happiercows.jobs.UpdateCowHealthJobFactory,org.pitest.mutationtest.engine.gregor.mutators.returns.NullReturnValsMutator,create,29,KILLED,edu.ucsb.cs156.happiercows.jobs.UpdateCowHealthJobFactoryTests.[engine:junit-jupiter]/[class:edu.ucsb.cs156.happiercows.jobs.UpdateCowHealthJobFactoryTests]/[method:test_create()]
SetCowHealthJobFactory.java,edu.ucsb.cs156.happiercows.jobs.SetCowHealthJobFactory,org.pitest.mutationtest.engine.gregor.mutators.returns.NullReturnValsMutator,create,29,KILLED,edu.ucsb.cs156.happiercows.jobs.SetCowHealthJobFactoryTests.[engine:junit-jupiter]/[class:edu.ucsb.cs156.happiercows.jobs.SetCowHealthJobFactoryTests]/[method:test_create()]
CowHealthUpdateStrategies.java,edu.ucsb.cs156.happiercows.strategies.CowHealthUpdateStrategies$3,org.pitest.mutationtest.engine.gregor.mutators.returns.PrimitiveReturnsMutator,calculateNewCowHealth,46,KILLED,edu.ucsb.cs156.happiercows.strategies.CowHealthUpdateStrategyTests.[engine:junit-jupiter]/[class:edu.ucsb.cs156.happiercows.strategies.CowHealthUpdateStrategyTests]/[method:noop_does_nothing()]
SystemInfoController.java,edu.ucsb.cs156.happiercows.controllers.SystemInfoController,org.pitest.mutationtest.engine.gregor.mutators.returns.NullReturnValsMutator,getSystemInfo,25,KILLED,edu.ucsb.cs156.happiercows.controllers.SystemInfoControllerTests.[engine:junit-jupiter]/[class:edu.ucsb.cs156.happiercows.controllers.SystemInfoControllerTests]/[method:systemInfo__logged_out()]
InstructorReportJobFactory.java,edu.ucsb.cs156.happiercows.jobs.InstructorReportJobFactory,org.pitest.mutationtest.engine.gregor.mutators.returns.NullReturnValsMutator,create,20,KILLED,edu.ucsb.cs156.happiercows.jobs.InstructorReportJobFactoryTests.[engine:junit-jupiter]/[class:edu.ucsb.cs156.happiercows.jobs.InstructorReportJobFactoryTests]/[method:test_create()]
RecordCommonStatsJobFactory.java,edu.ucsb.cs156.happiercows.jobs.RecordCommonStatsJobFactory,org.pitest.mutationtest.engine.gregor.mutators.returns.NullReturnValsMutator,create,20,KILLED,edu.ucsb.cs156.happiercows.jobs.RecordCommonStatsJobFactoryTests.[engine:junit-jupiter]/[class:edu.ucsb.cs156.happiercows.jobs.RecordCommonStatsJobFactoryTests]/[method:test_create()]
CSRFController.java,edu.ucsb.cs156.happiercows.controllers.CSRFController,org.pitest.mutationtest.engine.gregor.mutators.returns.NullReturnValsMutator,csrf,18,KILLED,edu.ucsb.cs156.happiercows.controllers.CSRFControllerTests.[engine:junit-jupiter]/[class:edu.ucsb.cs156.happiercows.controllers.CSRFControllerTests]/[method:csrf_returns_ok()]
SystemInfoServiceImpl.java,edu.ucsb.cs156.happiercows.services.SystemInfoServiceImpl,org.pitest.mutationtest.engine.gregor.mutators.returns.NullReturnValsMutator,getSystemInfo,35,KILLED,edu.ucsb.cs156.happiercows.services.SystemInfoServiceImplTests.[engine:junit-jupiter]/[class:edu.ucsb.cs156.happiercows.services.SystemInfoServiceImplTests]/[method:test_getSystemInfo()]
UserInfoController.java,edu.ucsb.cs156.happiercows.controllers.UserInfoController,org.pitest.mutationtest.engine.gregor.mutators.returns.NullReturnValsMutator,getCurrentUser,24,KILLED,edu.ucsb.cs156.happiercows.controllers.UserInfoControllerTests.[engine:junit-jupiter]/[class:edu.ucsb.cs156.happiercows.controllers.UserInfoControllerTests]/[method:currentUser__logged_in()]
GrantedAuthoritiesService.java,edu.ucsb.cs156.happiercows.services.GrantedAuthoritiesService,org.pitest.mutationtest.engine.gregor.mutators.returns.EmptyObjectReturnValsMutator,getGrantedAuthorities,22,KILLED,edu.ucsb.cs156.happiercows.services.GrantedAuthoritiesServiceTests.[engine:junit-jupiter]/[class:edu.ucsb.cs156.happiercows.services.GrantedAuthoritiesServiceTests]/[method:test_getGrantedAuthorities()]
InstructorReportJobSingleCommonsFactory.java,edu.ucsb.cs156.happiercows.jobs.InstructorReportJobSingleCommonsFactory,org.pitest.mutationtest.engine.gregor.mutators.returns.NullReturnValsMutator,create,16,KILLED,edu.ucsb.cs156.happiercows.jobs.InstructorReportJobSingleCommonsFactoryTests.[engine:junit-jupiter]/[class:edu.ucsb.cs156.happiercows.jobs.InstructorReportJobSingleCommonsFactoryTests]/[method:test_create()]
User.java,edu.ucsb.cs156.happiercows.entities.User,org.pitest.mutationtest.engine.gregor.mutators.returns.EmptyObjectReturnValsMutator,toString,47,KILLED,edu.ucsb.cs156.happiercows.entities.UserTests.[engine:junit-jupiter]/[class:edu.ucsb.cs156.happiercows.entities.UserTests]/[method:test_toString()]
